H1-O1 	H1-O2 	H1-O3 	H2-O1 	H2-O2 	H2-O3 	H3-O1 	H3-O2 	H3-O3 	H4-O1 	H4-O2 	H4-O3 	I1-H1 	I1-H2 	I1-H3 	I1-H4 	I2-H1 	I2-H2 	I2-H3 	I2-H4 	I3-H1 	I3-H2 	I3-H3 	I3-H4 	I4-H1 	I4-H2 	I4-H3 	I4-H4 	I5-H1 	I5-H2 	I5-H3 	I5-H4 	I6-H1 	I6-H2 	I6-H3 	I6-H4 	I7-H1 	I7-H2 	I7-H3 	I7-H4 	
 8234	 5851	 3187	-3005	-3273	 6507	-5857	 5845	-3541	 1983	-7071	-5047	 5252	 1839	 -169	-2205	-4366	 -163	  888	 -585	 1677	 3045	-1813	  -81	-3632	 2152	 1833	  129	-2260	-4130	 4536	 1140	  662	-2425	-3783	 5165	 1112	-2652	 1502	  178	
 9009	 6503	 3364	-3269	-3706	 7071	-6136	 6232	-3798	 2003	-7677	-5450	 5591	 1976	 -138	-2343	-4547	 -243	  940	 -652	 1711	 3235	-1849	  -71	-4022	 2331	 1826	  198	-2318	-4444	 4770	 1197	  784	-2556	-3938	 5372	 1212	-2839	 1555	  167	
 9434	 6855	 3461	-3418	-3929	 7394	-6295	 6455	-3942	 2008	-8015	-5681	 5769	 2048	 -125	-2415	-4640	 -287	  969	 -680	 1724	 3340	-1872	  -65	-4217	 2423	 1827	  230	-2353	-4609	 4886	 1235	  844	-2629	-4024	 5480	 1271	-2936	 1592	  159	
 9728	 7094	 3527	-3523	-4078	 7622	-6408	 6614	-4042	 2010	-8252	-5845	 5889	 2096	 -118	-2464	-4701	 -318	  988	 -695	 1732	 3412	-1889	  -60	-4346	 2485	 1829	  251	-2378	-4720	 4962	 1263	  883	-2679	-4084	 5553	 1312	-3001	 1621	  152	
 9952	 7276	 3578	-3604	-4188	 7799	-6496	 6738	-4120	 2011	-8434	-5972	 5979	 2133	 -113	-2500	-4747	 -341	 1003	 -706	 1737	 3466	-1903	  -57	-4440	 2531	 1831	  265	-2397	-4804	 5017	 1286	  912	-2716	-4130	 5608	 1343	-3049	 1645	  147	
10134	 7422	 3619	-3671	-4275	 7944	-6568	 6840	-4183	 2011	-8582	-6075	 6050	 2162	 -110	-2530	-4784	 -359	 1016	 -713	 1741	 3510	-1914	  -54	-4515	 2567	 1833	  276	-2413	-4870	 5061	 1305	  934	-2747	-4168	 5651	 1368	-3088	 1665	  143	
10287	 7544	 3653	-3727	-4347	 8066	-6630	 6927	-4237	 2011	-8706	-6163	 6109	 2186	 -108	-2554	-4814	 -375	 1026	 -718	 1744	 3547	-1924	  -52	-4577	 2597	 1835	  285	-2426	-4925	 5096	 1321	  953	-2773	-4200	 5687	 1389	-3119	 1683	  140	
10418	 7649	 3683	-3776	-4408	 8172	-6683	 7002	-4283	 2011	-8814	-6238	 6159	 2206	 -107	-2575	-4839	 -388	 1034	 -723	 1746	 3579	-1932	  -50	-4629	 2622	 1837	  293	-2438	-4972	 5126	 1336	  968	-2795	-4227	 5718	 1407	-3146	 1699	  137	
10534	 7740	 3709	-3819	-4461	 8266	-6730	 7070	-4324	 2010	-8910	-6305	 6203	 2224	 -105	-2593	-4861	 -400	 1042	 -726	 1748	 3606	-1940	  -48	-4674	 2644	 1838	  299	-2448	-5013	 5152	 1349	  982	-2814	-4252	 5745	 1423	-3170	 1713	  135	
10637	 7822	 3732	-3857	-4508	 8349	-6773	 7130	-4360	 2010	-8995	-6365	 6241	 2240	 -104	-2609	-4881	 -410	 1049	 -729	 1749	 3631	-1947	  -47	-4714	 2663	 1840	  305	-2457	-5049	 5175	 1360	  994	-2831	-4274	 5768	 1437	-3190	 1726	  133	
10730	 7895	 3752	-3892	-4550	 8425	-6811	 7185	-4393	 2009	-9071	-6419	 6276	 2254	 -104	-2624	-4898	 -419	 1055	 -731	 1750	 3652	-1953	  -45	-4749	 2681	 1841	  310	-2465	-5081	 5195	 1371	 1005	-2846	-4293	 5789	 1450	-3209	 1737	  131	
10814	 7961	 3771	-3924	-4588	 8495	-6846	 7235	-4423	 2009	-9142	-6468	 6307	 2267	 -103	-2637	-4914	 -428	 1060	 -733	 1752	 3672	-1959	  -44	-4781	 2696	 1842	  315	-2472	-5110	 5213	 1381	 1014	-2860	-4311	 5808	 1461	-3225	 1748	  130	
10892	 8022	 3788	-3953	-4622	 8558	-6879	 7281	-4451	 2008	-9206	-6514	 6336	 2279	 -103	-2649	-4929	 -435	 1065	 -735	 1753	 3691	-1964	  -43	-4810	 2711	 1843	  319	-2479	-5137	 5230	 1390	 1023	-2873	-4328	 5826	 1471	-3240	 1758	  128	
10964	 8078	 3804	-3980	-4654	 8617	-6909	 7324	-4477	 2007	-9266	-6556	 6362	 2289	 -102	-2660	-4942	 -442	 1070	 -736	 1754	 3707	-1968	  -42	-4837	 2724	 1844	  323	-2485	-5161	 5245	 1398	 1031	-2885	-4343	 5842	 1481	-3254	 1768	  127	
11031	 8131	 3819	-4006	-4683	 8673	-6937	 7364	-4500	 2007	-9321	-6595	 6386	 2299	 -102	-2670	-4954	 -449	 1074	 -737	 1754	 3723	-1973	  -40	-4862	 2736	 1845	  326	-2491	-5184	 5259	 1406	 1038	-2896	-4357	 5856	 1490	-3267	 1777	  126	
11093	 8179	 3833	-4029	-4710	 8724	-6963	 7402	-4523	 2006	-9373	-6631	 6408	 2308	 -102	-2680	-4965	 -455	 1078	 -738	 1755	 3737	-1977	  -39	-4884	 2747	 1846	  329	-2496	-5205	 5271	 1413	 1045	-2906	-4371	 5870	 1498	-3279	 1785	  125	
11152	 8225	 3845	-4051	-4735	 8773	-6988	 7437	-4544	 2005	-9422	-6666	 6429	 2317	 -102	-2689	-4976	 -461	 1082	 -739	 1756	 3751	-1981	  -39	-4906	 2758	 1847	  332	-2501	-5224	 5283	 1420	 1052	-2916	-4383	 5883	 1506	-3290	 1793	  124	
11207	 8267	 3858	-4072	-4759	 8818	-7011	 7471	-4563	 2005	-9468	-6698	 6449	 2325	 -102	-2698	-4986	 -466	 1085	 -740	 1756	 3763	-1985	  -38	-4926	 2767	 1848	  335	-2506	-5243	 5295	 1427	 1058	-2925	-4395	 5895	 1513	-3300	 1801	  123	
11259	 8308	 3869	-4092	-4782	 8862	-7033	 7503	-4582	 2004	-9512	-6729	 6467	 2333	 -101	-2705	-4995	 -471	 1088	 -741	 1757	 3775	-1988	  -37	-4944	 2777	 1848	  337	-2510	-5260	 5305	 1433	 1063	-2933	-4406	 5906	 1520	-3310	 1808	  122	
11309	 8346	 3880	-4111	-4803	 8903	-7054	 7533	-4600	 2004	-9553	-6758	 6484	 2340	 -101	-2713	-5004	 -476	 1091	 -741	 1758	 3787	-1991	  -36	-4962	 2785	 1849	  340	-2514	-5276	 5315	 1439	 1069	-2941	-4417	 5917	 1527	-3319	 1814	  121	
11356	 8382	 3890	-4129	-4823	 8942	-7074	 7562	-4617	 2003	-9592	-6786	 6501	 2347	 -101	-2720	-5012	 -480	 1094	 -742	 1758	 3797	-1995	  -35	-4979	 2793	 1849	  342	-2518	-5292	 5324	 1444	 1074	-2949	-4427	 5927	 1533	-3328	 1821	  121	
11401	 8417	 3900	-4146	-4842	 8979	-7093	 7589	-4633	 2002	-9630	-6812	 6516	 2353	 -101	-2727	-5020	 -484	 1097	 -743	 1758	 3808	-1997	  -35	-4995	 2801	 1850	  344	-2522	-5306	 5333	 1450	 1078	-2956	-4436	 5937	 1539	-3336	 1827	  120	
11444	 8450	 3909	-4162	-4860	 9015	-7111	 7615	-4648	 2002	-9666	-6838	 6531	 2359	 -101	-2734	-5028	 -488	 1100	 -743	 1759	 3817	-2000	  -34	-5010	 2809	 1850	  346	-2526	-5320	 5342	 1455	 1083	-2963	-4445	 5946	 1544	-3344	 1833	  119	
11485	 8481	 3918	-4178	-4877	 9049	-7129	 7641	-4663	 2001	-9700	-6862	 6545	 2365	 -101	-2740	-5035	 -492	 1102	 -743	 1759	 3827	-2003	  -33	-5024	 2816	 1851	  348	-2529	-5334	 5350	 1460	 1087	-2970	-4454	 5954	 1549	-3352	 1839	  119	
11524	 8511	 3927	-4193	-4893	 9082	-7146	 7665	-4677	 2001	-9733	-6885	 6559	 2371	 -101	-2746	-5042	 -496	 1105	 -744	 1760	 3835	-2006	  -33	-5038	 2822	 1851	  350	-2532	-5346	 5357	 1464	 1091	-2976	-4462	 5963	 1554	-3359	 1844	  118	
11562	 8540	 3935	-4207	-4909	 9114	-7162	 7688	-4690	 2000	-9764	-6908	 6572	 2376	 -101	-2751	-5049	 -499	 1107	 -744	 1760	 3844	-2008	  -32	-5051	 2829	 1852	  352	-2536	-5359	 5365	 1469	 1095	-2982	-4470	 5971	 1559	-3366	 1850	  118	
11598	 8568	 3943	-4221	-4924	 9144	-7177	 7711	-4703	 1999	-9795	-6929	 6584	 2381	 -101	-2757	-5055	 -503	 1109	 -745	 1760	 3852	-2010	  -31	-5064	 2835	 1852	  354	-2539	-5370	 5372	 1473	 1099	-2988	-4478	 5978	 1564	-3372	 1855	  117	
11633	 8595	 3950	-4234	-4939	 9173	-7192	 7732	-4716	 1999	-9824	-6950	 6596	 2386	 -101	-2762	-5061	 -506	 1111	 -745	 1761	 3860	-2013	  -31	-5076	 2841	 1852	  355	-2542	-5382	 5379	 1477	 1103	-2994	-4486	 5985	 1568	-3379	 1860	  117	
11666	 8620	 3957	-4247	-4953	 9202	-7207	 7753	-4728	 1998	-9852	-6970	 6608	 2391	 -101	-2767	-5067	 -509	 1113	 -745	 1761	 3867	-2015	  -30	-5087	 2847	 1853	  357	-2544	-5392	 5385	 1481	 1106	-2999	-4493	 5992	 1573	-3385	 1864	  116	
11699	 8645	 3964	-4259	-4966	 9229	-7221	 7773	-4740	 1998	-9880	-6989	 6619	 2395	 -101	-2772	-5072	 -512	 1115	 -745	 1761	 3875	-2017	  -30	-5099	 2852	 1853	  358	-2547	-5403	 5391	 1485	 1110	-3005	-4500	 5999	 1577	-3390	 1869	  116	
11730	 8669	 3971	-4271	-4979	 9255	-7234	 7793	-4751	 1997	-9906	-7008	 6629	 2400	 -101	-2777	-5078	 -515	 1117	 -746	 1762	 3882	-2019	  -29	-5109	 2858	 1853	  360	-2550	-5413	 5397	 1489	 1113	-3010	-4506	 6006	 1581	-3396	 1874	  116	
11761	 8692	 3978	-4283	-4992	 9281	-7247	 7812	-4762	 1997	-9932	-7026	 6639	 2404	 -101	-2781	-5083	 -518	 1119	 -746	 1762	 3889	-2021	  -29	-5120	 2863	 1854	  361	-2552	-5423	 5403	 1493	 1116	-3015	-4513	 6012	 1585	-3402	 1878	  115	
11790	 8715	 3984	-4294	-5004	 9306	-7260	 7831	-4773	 1996	-9957	-7043	 6649	 2408	 -101	-2786	-5088	 -520	 1121	 -746	 1762	 3895	-2023	  -28	-5130	 2868	 1854	  363	-2555	-5432	 5409	 1496	 1119	-3019	-4519	 6018	 1588	-3407	 1882	  115	
11819	 8737	 3990	-4305	-5015	 9330	-7272	 7848	-4783	 1996	-9981	-7060	 6659	 2412	 -102	-2790	-5093	 -523	 1122	 -746	 1762	 3901	-2025	  -28	-5140	 2872	 1854	  364	-2557	-5441	 5414	 1500	 1122	-3024	-4525	 6024	 1592	-3412	 1886	  114	
11847	 8758	 3996	-4316	-5027	 9353	-7284	 7866	-4793	 1995	-10004	-7077	 6668	 2416	 -102	-2794	-5098	 -526	 1124	 -746	 1763	 3908	-2026	  -27	-5149	 2877	 1854	  365	-2559	-5450	 5419	 1503	 1125	-3028	-4531	 6030	 1596	-3417	 1890	  114	
11874	 8778	 4002	-4326	-5038	 9376	-7296	 7883	-4803	 1995	-10027	-7093	 6677	 2420	 -102	-2798	-5102	 -528	 1126	 -746	 1763	 3914	-2028	  -27	-5158	 2882	 1854	  366	-2562	-5458	 5424	 1506	 1127	-3033	-4537	 6035	 1599	-3422	 1894	  114	
11900	 8798	 4008	-4336	-5049	 9398	-7307	 7899	-4812	 1994	-10049	-7109	 6686	 2423	 -102	-2802	-5107	 -530	 1127	 -747	 1763	 3919	-2030	  -27	-5167	 2886	 1855	  368	-2564	-5467	 5429	 1509	 1130	-3037	-4543	 6041	 1602	-3426	 1898	  113	
11926	 8817	 4013	-4346	-5059	 9420	-7318	 7915	-4822	 1994	-10070	-7124	 6694	 2427	 -102	-2806	-5111	 -533	 1129	 -747	 1763	 3925	-2031	  -26	-5176	 2890	 1855	  369	-2566	-5475	 5434	 1513	 1133	-3041	-4548	 6046	 1605	-3431	 1902	  113	
11951	 8836	 4018	-4355	-5069	 9441	-7329	 7931	-4831	 1993	-10091	-7139	 6703	 2430	 -102	-2810	-5115	 -535	 1130	 -747	 1763	 3930	-2033	  -26	-5184	 2894	 1855	  370	-2568	-5482	 5439	 1516	 1135	-3045	-4553	 6051	 1609	-3435	 1905	  113	
11975	 8855	 4024	-4365	-5079	 9461	-7340	 7946	-4839	 1993	-10112	-7153	 6711	 2434	 -102	-2813	-5119	 -537	 1132	 -747	 1764	 3936	-2034	  -25	-5192	 2898	 1855	  371	-2570	-5490	 5443	 1518	 1138	-3049	-4558	 6056	 1612	-3439	 1909	  113	
11999	 8873	 4029	-4374	-5088	 9481	-7350	 7961	-4848	 1992	-10132	-7167	 6718	 2437	 -102	-2817	-5123	 -539	 1133	 -747	 1764	 3941	-2036	  -25	-5200	 2902	 1855	  372	-2572	-5497	 5448	 1521	 1140	-3053	-4563	 6061	 1615	-3443	 1912	  112	
12022	 8890	 4034	-4382	-5098	 9501	-7360	 7976	-4856	 1992	-10151	-7181	 6726	 2440	 -102	-2820	-5127	 -541	 1134	 -747	 1764	 3946	-2037	  -25	-5208	 2906	 1855	  373	-2574	-5505	 5452	 1524	 1142	-3056	-4568	 6065	 1617	-3447	 1916	  112	
12044	 8907	 4038	-4391	-5107	 9520	-7370	 7990	-4864	 1991	-10170	-7194	 6733	 2443	 -102	-2824	-5131	 -543	 1136	 -747	 1764	 3951	-2039	  -24	-5215	 2909	 1856	  374	-2576	-5512	 5456	 1527	 1144	-3060	-4573	 6070	 1620	-3451	 1919	  112	
12066	 8924	 4043	-4399	-5116	 9539	-7379	 8004	-4872	 1991	-10188	-7207	 6741	 2446	 -102	-2827	-5135	 -545	 1137	 -747	 1764	 3956	-2040	  -24	-5222	 2913	 1856	  375	-2577	-5519	 5460	 1529	 1147	-3063	-4578	 6074	 1623	-3455	 1922	  112	
12088	 8940	 4048	-4408	-5124	 9557	-7388	 8017	-4880	 1990	-10207	-7220	 6748	 2449	 -102	-2830	-5138	 -547	 1138	 -747	 1765	 3960	-2041	  -23	-5230	 2917	 1856	  376	-2579	-5525	 5464	 1532	 1149	-3067	-4582	 6079	 1626	-3459	 1925	  111	
12109	 8956	 4052	-4416	-5133	 9575	-7398	 8031	-4888	 1990	-10224	-7233	 6755	 2452	 -102	-2833	-5142	 -549	 1139	 -747	 1765	 3965	-2043	  -23	-5236	 2920	 1856	  377	-2581	-5532	 5468	 1535	 1151	-3070	-4587	 6083	 1628	-3462	 1928	  111	
12129	 8971	 4056	-4423	-5141	 9592	-7406	 8044	-4895	 1990	-10242	-7245	 6761	 2455	 -102	-2836	-5145	 -551	 1140	 -747	 1765	 3969	-2044	  -23	-5243	 2923	 1856	  378	-2582	-5538	 5472	 1537	 1153	-3073	-4591	 6087	 1631	-3466	 1931	  111	
12150	 8986	 4061	-4431	-5149	 9609	-7415	 8057	-4903	 1989	-10259	-7257	 6768	 2458	 -102	-2839	-5149	 -553	 1142	 -747	 1765	 3974	-2045	  -22	-5250	 2927	 1856	  379	-2584	-5544	 5475	 1539	 1155	-3077	-4595	 6091	 1633	-3469	 1934	  111	
12169	 9001	 4065	-4439	-5157	 9626	-7424	 8069	-4910	 1989	-10275	-7269	 6774	 2460	 -102	-2842	-5152	 -554	 1143	 -747	 1765	 3978	-2046	  -22	-5256	 2930	 1856	  379	-2586	-5550	 5479	 1542	 1157	-3080	-4600	 6095	 1636	-3473	 1937	  110	
12189	 9016	 4069	-4446	-5165	 9643	-7432	 8081	-4917	 1988	-10292	-7281	 6780	 2463	 -103	-2845	-5155	 -556	 1144	 -748	 1765	 3982	-2048	  -22	-5263	 2933	 1856	  380	-2587	-5556	 5482	 1544	 1159	-3083	-4604	 6099	 1638	-3476	 1940	  110	
12208	 9030	 4073	-4453	-5172	 9659	-7440	 8093	-4924	 1988	-10307	-7292	 6787	 2465	 -103	-2848	-5158	 -558	 1145	 -748	 1765	 3986	-2049	  -22	-5269	 2936	 1856	  381	-2589	-5562	 5486	 1546	 1161	-3086	-4608	 6102	 1640	-3479	 1943	  110	
12226	 9044	 4077	-4460	-5180	 9674	-7448	 8105	-4930	 1987	-10323	-7303	 6793	 2468	 -103	-2851	-5161	 -559	 1146	 -748	 1766	 3990	-2050	  -21	-5275	 2939	 1856	  382	-2590	-5568	 5489	 1549	 1162	-3089	-4612	 6106	 1643	-3482	 1946	  110	
12244	 9058	 4081	-4467	-5187	 9690	-7456	 8117	-4937	 1987	-10338	-7314	 6798	 2470	 -103	-2854	-5164	 -561	 1147	 -748	 1766	 3994	-2051	  -21	-5281	 2942	 1857	  383	-2592	-5573	 5492	 1551	 1164	-3092	-4616	 6110	 1645	-3485	 1948	  110	
12262	 9071	 4085	-4474	-5194	 9705	-7464	 8128	-4943	 1987	-10354	-7325	 6804	 2473	 -103	-2856	-5167	 -562	 1148	 -748	 1766	 3998	-2052	  -21	-5287	 2945	 1857	  383	-2593	-5579	 5496	 1553	 1166	-3094	-4619	 6113	 1647	-3489	 1951	  110	
12280	 9084	 4088	-4481	-5201	 9720	-7472	 8139	-4950	 1986	-10368	-7335	 6810	 2475	 -103	-2859	-5170	 -564	 1149	 -748	 1766	 4002	-2053	  -20	-5292	 2947	 1857	  384	-2595	-5584	 5499	 1555	 1168	-3097	-4623	 6117	 1649	-3491	 1953	  109	
12297	 9097	 4092	-4487	-5208	 9735	-7479	 8150	-4956	 1986	-10383	-7345	 6815	 2477	 -103	-2861	-5173	 -565	 1150	 -748	 1766	 4006	-2054	  -20	-5298	 2950	 1857	  385	-2596	-5590	 5502	 1557	 1169	-3100	-4627	 6120	 1651	-3494	 1956	  109	
12314	 9110	 4095	-4494	-5215	 9749	-7487	 8161	-4962	 1985	-10397	-7355	 6821	 2480	 -103	-2864	-5176	 -567	 1151	 -748	 1766	 4009	-2055	  -20	-5304	 2953	 1857	  386	-2597	-5595	 5505	 1559	 1171	-3102	-4630	 6124	 1653	-3497	 1959	  109	
12331	 9122	 4099	-4500	-5221	 9763	-7494	 8172	-4968	 1985	-10411	-7365	 6826	 2482	 -103	-2866	-5178	 -568	 1152	 -748	 1766	 4013	-2056	  -19	-5309	 2956	 1857	  386	-2599	-5600	 5508	 1561	 1173	-3105	-4634	 6127	 1655	-3500	 1961	  109	
12347	 9134	 4102	-4506	-5228	 9777	-7501	 8182	-4974	 1985	-10425	-7375	 6831	 2484	 -103	-2869	-5181	 -570	 1153	 -748	 1767	 4016	-2057	  -19	-5314	 2958	 1857	  387	-2600	-5605	 5511	 1563	 1174	-3108	-4637	 6130	 1657	-3503	 1963	  109	
12363	 9146	 4106	-4512	-5234	 9791	-7508	 8192	-4980	 1984	-10439	-7385	 6836	 2486	 -103	-2871	-5184	 -571	 1154	 -748	 1767	 4020	-2058	  -19	-5319	 2961	 1857	  388	-2601	-5610	 5514	 1565	 1176	-3110	-4641	 6133	 1659	-3505	 1966	  109	
12379	 9158	 4109	-4518	-5241	 9805	-7515	 8203	-4986	 1984	-10452	-7394	 6841	 2488	 -103	-2873	-5186	 -572	 1154	 -748	 1767	 4023	-2059	  -19	-5324	 2963	 1857	  388	-2603	-5614	 5516	 1567	 1177	-3113	-4644	 6136	 1661	-3508	 1968	  108	
12394	 9170	 4112	-4524	-5247	 9818	-7522	 8213	-4991	 1983	-10465	-7404	 6846	 2490	 -103	-2876	-5189	 -574	 1155	 -748	 1767	 4027	-2060	  -18	-5329	 2966	 1857	  389	-2604	-5619	 5519	 1569	 1179	-3115	-4647	 6139	 1663	-3511	 1970	  108	
12410	 9181	 4116	-4530	-5253	 9831	-7528	 8222	-4997	 1983	-10478	-7413	 6851	 2492	 -103	-2878	-5191	 -575	 1156	 -748	 1767	 4030	-2061	  -18	-5334	 2968	 1857	  390	-2605	-5624	 5522	 1571	 1180	-3118	-4650	 6142	 1665	-3513	 1973	  108	
12425	 9192	 4119	-4536	-5259	 9844	-7535	 8232	-5002	 1983	-10491	-7422	 6856	 2494	 -103	-2880	-5194	 -576	 1157	 -748	 1767	 4033	-2062	  -18	-5339	 2970	 1857	  390	-2606	-5628	 5525	 1573	 1182	-3120	-4654	 6145	 1667	-3516	 1975	  108	
12440	 9203	 4122	-4542	-5265	 9856	-7541	 8241	-5008	 1982	-10503	-7431	 6861	 2496	 -103	-2882	-5196	 -578	 1158	 -748	 1767	 4036	-2063	  -18	-5344	 2973	 1857	  391	-2607	-5633	 5527	 1574	 1183	-3122	-4657	 6148	 1669	-3518	 1977	  108	
12454	 9214	 4125	-4547	-5270	 9869	-7548	 8251	-5013	 1982	-10515	-7439	 6865	 2498	 -104	-2885	-5199	 -579	 1159	 -748	 1767	 4039	-2063	  -17	-5349	 2975	 1857	  392	-2609	-5637	 5530	 1576	 1184	-3125	-4660	 6151	 1670	-3521	 1979	  108	
12469	 9225	 4128	-4553	-5276	 9881	-7554	 8260	-5018	 1982	-10528	-7448	 6870	 2500	 -104	-2887	-5201	 -580	 1159	 -748	 1767	 4042	-2064	  -17	-5353	 2977	 1857	  392	-2610	-5641	 5532	 1578	 1186	-3127	-4663	 6154	 1672	-3523	 1982	  108	
12483	 9236	 4131	-4558	-5282	 9893	-7560	 8269	-5023	 1981	-10539	-7456	 6874	 2502	 -104	-2889	-5203	 -581	 1160	 -748	 1768	 4045	-2065	  -17	-5358	 2980	 1857	  393	-2611	-5646	 5535	 1579	 1187	-3129	-4666	 6156	 1674	-3525	 1984	  108	
12497	 9246	 4134	-4563	-5287	 9905	-7566	 8278	-5028	 1981	-10551	-7465	 6879	 2504	 -104	-2891	-5205	 -583	 1161	 -748	 1768	 4048	-2066	  -17	-5362	 2982	 1857	  393	-2612	-5650	 5537	 1581	 1188	-3131	-4669	 6159	 1675	-3528	 1986	  107	
12510	 9256	 4137	-4568	-5292	 9917	-7572	 8287	-5033	 1981	-10563	-7473	 6883	 2506	 -104	-2893	-5208	 -584	 1162	 -748	 1768	 4051	-2067	  -16	-5367	 2984	 1857	  394	-2613	-5654	 5540	 1583	 1190	-3133	-4672	 6162	 1677	-3530	 1988	  107	
12524	 9266	 4140	-4574	-5298	 9929	-7578	 8296	-5038	 1980	-10574	-7481	 6887	 2508	 -104	-2895	-5210	 -585	 1162	 -748	 1768	 4054	-2067	  -16	-5371	 2986	 1857	  394	-2614	-5658	 5542	 1584	 1191	-3135	-4674	 6164	 1679	-3532	 1990	  107	
12537	 9276	 4142	-4579	-5303	 9940	-7584	 8304	-5043	 1980	-10586	-7489	 6891	 2509	 -104	-2897	-5212	 -586	 1163	 -748	 1768	 4057	-2068	  -16	-5375	 2988	 1857	  395	-2615	-5662	 5544	 1586	 1192	-3138	-4677	 6167	 1680	-3534	 1992	  107	
12551	 9286	 4145	-4584	-5308	 9951	-7590	 8313	-5048	 1979	-10597	-7497	 6895	 2511	 -104	-2899	-5214	 -587	 1164	 -748	 1768	 4060	-2069	  -16	-5379	 2990	 1857	  396	-2616	-5666	 5547	 1588	 1194	-3140	-4680	 6170	 1682	-3537	 1994	  107	
12564	 9296	 4148	-4589	-5313	 9962	-7596	 8321	-5053	 1979	-10608	-7505	 6900	 2513	 -104	-2901	-5216	 -588	 1165	 -748	 1768	 4062	-2070	  -16	-5383	 2992	 1857	  396	-2617	-5670	 5549	 1589	 1195	-3142	-4683	 6172	 1684	-3539	 1996	  107	
12576	 9305	 4151	-4594	-5318	 9973	-7601	 8329	-5057	 1979	-10618	-7513	 6904	 2515	 -104	-2903	-5218	 -589	 1165	 -748	 1768	 4065	-2070	  -15	-5388	 2994	 1857	  397	-2618	-5674	 5551	 1591	 1196	-3144	-4685	 6175	 1685	-3541	 1998	  107	
12589	 9315	 4153	-4598	-5323	 9984	-7607	 8337	-5062	 1978	-10629	-7520	 6908	 2516	 -104	-2904	-5220	 -590	 1166	 -748	 1768	 4068	-2071	  -15	-5392	 2996	 1857	  397	-2619	-5678	 5553	 1592	 1197	-3146	-4688	 6177	 1687	-3543	 2000	  107	
12602	 9324	 4156	-4603	-5328	 9995	-7612	 8345	-5066	 1978	-10640	-7528	 6911	 2518	 -104	-2906	-5222	 -591	 1167	 -748	 1768	 4071	-2072	  -15	-5395	 2998	 1857	  398	-2620	-5681	 5556	 1594	 1198	-3148	-4691	 6179	 1688	-3545	 2001	  107	
12614	 9333	 4158	-4608	-5333	10006	-7618	 8353	-5071	 1978	-10650	-7535	 6915	 2519	 -104	-2908	-5224	 -592	 1167	 -748	 1768	 4073	-2073	  -15	-5399	 3000	 1857	  398	-2621	-5685	 5558	 1595	 1200	-3149	-4693	 6182	 1690	-3547	 2003	  106	
12626	 9342	 4161	-4612	-5338	10016	-7623	 8361	-5075	 1977	-10660	-7542	 6919	 2521	 -104	-2910	-5226	 -594	 1168	 -748	 1768	 4076	-2073	  -15	-5403	 3002	 1857	  399	-2622	-5689	 5560	 1597	 1201	-3151	-4696	 6184	 1691	-3549	 2005	  106	
12638	 9351	 4163	-4617	-5342	10026	-7628	 8369	-5080	 1977	-10671	-7550	 6923	 2523	 -104	-2912	-5228	 -595	 1168	 -748	 1769	 4078	-2074	  -14	-5407	 3004	 1857	  399	-2623	-5692	 5562	 1598	 1202	-3153	-4698	 6186	 1692	-3551	 2007	  106	
12650	 9360	 4166	-4621	-5347	10036	-7633	 8377	-5084	 1977	-10681	-7557	 6926	 2524	 -104	-2913	-5230	 -596	 1169	 -747	 1769	 4081	-2075	  -14	-5411	 3005	 1857	  400	-2624	-5696	 5564	 1599	 1203	-3155	-4701	 6189	 1694	-3553	 2009	  106	
12662	 9368	 4168	-4626	-5352	10047	-7638	 8384	-5088	 1976	-10690	-7564	 6930	 2526	 -104	-2915	-5232	 -596	 1170	 -747	 1769	 4083	-2075	  -14	-5414	 3007	 1857	  400	-2625	-5699	 5566	 1601	 1204	-3157	-4703	 6191	 1695	-3555	 2010	  106	
12673	 9377	 4171	-4630	-5356	10056	-7644	 8392	-5092	 1976	-10700	-7571	 6934	 2527	 -104	-2917	-5234	 -597	 1170	 -747	 1769	 4086	-2076	  -14	-5418	 3009	 1857	  401	-2626	-5703	 5568	 1602	 1205	-3159	-4706	 6193	 1697	-3557	 2012	  106	
12685	 9385	 4173	-4635	-5361	10066	-7649	 8399	-5097	 1976	-10710	-7578	 6937	 2529	 -104	-2918	-5236	 -598	 1171	 -747	 1769	 4088	-2077	  -14	-5422	 3011	 1857	  401	-2627	-5706	 5570	 1604	 1206	-3160	-4708	 6195	 1698	-3559	 2014	  106	
12696	 9394	 4175	-4639	-5365	10076	-7654	 8406	-5101	 1975	-10719	-7584	 6941	 2530	 -105	-2920	-5237	 -599	 1172	 -747	 1769	 4090	-2077	  -13	-5425	 3013	 1857	  401	-2628	-5709	 5572	 1605	 1207	-3162	-4710	 6197	 1699	-3560	 2016	  106	
12707	 9402	 4178	-4643	-5369	10086	-7658	 8413	-5105	 1975	-10729	-7591	 6944	 2532	 -105	-2922	-5239	 -600	 1172	 -747	 1769	 4093	-2078	  -13	-5429	 3014	 1857	  402	-2629	-5713	 5574	 1606	 1208	-3164	-4713	 6200	 1701	-3562	 2017	  106	
12718	 9410	 4180	-4647	-5374	10095	-7663	 8421	-5109	 1975	-10738	-7598	 6948	 2533	 -105	-2923	-5241	 -601	 1173	 -747	 1769	 4095	-2078	  -13	-5432	 3016	 1857	  402	-2629	-5716	 5576	 1608	 1209	-3166	-4715	 6202	 1702	-3564	 2019	  106	
12729	 9418	 4182	-4652	-5378	10104	-7668	 8428	-5113	 1975	-10747	-7604	 6951	 2535	 -105	-2925	-5243	 -602	 1173	 -747	 1769	 4097	-2079	  -13	-5436	 3018	 1857	  403	-2630	-5719	 5578	 1609	 1210	-3167	-4717	 6204	 1703	-3566	 2021	  106	
12740	 9426	 4185	-4656	-5382	10114	-7673	 8435	-5117	 1974	-10757	-7611	 6954	 2536	 -105	-2926	-5244	 -603	 1174	 -747	 1769	 4100	-2080	  -13	-5439	 3019	 1857	  403	-2631	-5722	 5580	 1610	 1211	-3169	-4720	 6206	 1705	-3568	 2022	  105	
12751	 9434	 4187	-4660	-5386	10123	-7677	 8442	-5121	 1974	-10766	-7617	 6958	 2537	 -105	-2928	-5246	 -604	 1174	 -747	 1769	 4102	-2080	  -12	-5442	 3021	 1857	  404	-2632	-5725	 5581	 1611	 1212	-3171	-4722	 6208	 1706	-3569	 2024	  105	
12761	 9442	 4189	-4664	-5390	10132	-7682	 8448	-5124	 1974	-10774	-7623	 6961	 2539	 -105	-2930	-5248	 -605	 1175	 -747	 1769	 4104	-2081	  -12	-5446	 3023	 1857	  404	-2633	-5729	 5583	 1613	 1213	-3172	-4724	 6210	 1707	-3571	 2025	  105	
12772	 9450	 4191	-4668	-5394	10141	-7687	 8455	-5128	 1973	-10783	-7630	 6964	 2540	 -105	-2931	-5249	 -606	 1176	 -747	 1769	 4106	-2081	  -12	-5449	 3024	 1857	  405	-2634	-5732	 5585	 1614	 1214	-3174	-4726	 6212	 1708	-3573	 2027	  105	
12782	 9457	 4193	-4672	-5398	10150	-7691	 8462	-5132	 1973	-10792	-7636	 6967	 2541	 -105	-2933	-5251	 -607	 1176	 -747	 1770	 4108	-2082	  -12	-5452	 3026	 1857	  405	-2634	-5735	 5587	 1615	 1215	-3176	-4728	 6214	 1709	-3574	 2029	  105	
12792	 9465	 4195	-4675	-5402	10159	-7696	 8468	-5136	 1973	-10801	-7642	 6970	 2543	 -105	-2934	-5253	 -607	 1177	 -747	 1770	 4110	-2083	  -12	-5455	 3027	 1857	  405	-2635	-5738	 5589	 1616	 1216	-3177	-4730	 6216	 1711	-3576	 2030	  105	
12802	 9472	 4198	-4679	-5406	10167	-7700	 8475	-5139	 1972	-10809	-7648	 6973	 2544	 -105	-2936	-5254	 -608	 1177	 -747	 1770	 4113	-2083	  -12	-5458	 3029	 1857	  406	-2636	-5741	 5590	 1618	 1217	-3179	-4733	 6218	 1712	-3578	 2032	  105	
12812	 9480	 4200	-4683	-5410	10176	-7704	 8481	-5143	 1972	-10818	-7654	 6976	 2545	 -105	-2937	-5256	 -609	 1178	 -747	 1770	 4115	-2084	  -11	-5461	 3030	 1857	  406	-2637	-5744	 5592	 1619	 1218	-3180	-4735	 6219	 1713	-3579	 2033	  105	
12822	 9487	 4202	-4687	-5414	10184	-7709	 8488	-5147	 1972	-10826	-7660	 6979	 2547	 -105	-2938	-5257	 -610	 1178	 -747	 1770	 4117	-2084	  -11	-5464	 3032	 1857	  407	-2638	-5747	 5594	 1620	 1219	-3182	-4737	 6221	 1714	-3581	 2035	  105	
12832	 9494	 4204	-4691	-5418	10193	-7713	 8494	-5150	 1972	-10834	-7666	 6982	 2548	 -105	-2940	-5259	 -611	 1179	 -747	 1770	 4119	-2085	  -11	-5467	 3033	 1856	  407	-2638	-5749	 5595	 1621	 1220	-3183	-4739	 6223	 1715	-3582	 2036	  105	
12842	 9501	 4206	-4694	-5421	10201	-7717	 8500	-5154	 1971	-10842	-7672	 6985	 2549	 -105	-2941	-5260	 -611	 1179	 -747	 1770	 4121	-2085	  -11	-5470	 3035	 1856	  407	-2639	-5752	 5597	 1622	 1221	-3185	-4741	 6225	 1717	-3584	 2038	  105	
12851	 9508	 4208	-4698	-5425	10209	-7722	 8507	-5157	 1971	-10851	-7678	 6988	 2550	 -105	-2943	-5262	 -612	 1180	 -747	 1770	 4123	-2086	  -11	-5473	 3036	 1856	  408	-2640	-5755	 5599	 1623	 1222	-3186	-4743	 6227	 1718	-3586	 2039	  105	
