H1-O1 	H1-O2 	H1-O3 	H1-O4 	H2-O1 	H2-O2 	H2-O3 	H2-O4 	H3-O1 	H3-O2 	H3-O3 	H3-O4 	H4-O1 	H4-O2 	H4-O3 	H4-O4 	H5-O1 	H5-O2 	H5-O3 	H5-O4 	H6-O1 	H6-O2 	H6-O3 	H6-O4 	I1-H1 	I1-H2 	I1-H3 	I1-H4 	I1-H5 	I1-H6 	I2-H1 	I2-H2 	I2-H3 	I2-H4 	I2-H5 	I2-H6 	I3-H1 	I3-H2 	I3-H3 	I3-H4 	I3-H5 	I3-H6 	I4-H1 	I4-H2 	I4-H3 	I4-H4 	I4-H5 	I4-H6 	I5-H1 	I5-H2 	I5-H3 	I5-H4 	I5-H5 	I5-H6 	I6-H1 	I6-H2 	I6-H3 	I6-H4 	I6-H5 	I6-H6 	I7-H1 	I7-H2 	I7-H3 	I7-H4 	I7-H5 	I7-H6 	
-5451	 7570	 7604	 3894	 3702	-5928	 2212	-5069	 4668	-6524	-3047	 8357	-4533	 3808	-9751	-6034	-7899	 -767	 2793	  719	 6936	 9452	 7416	 6171	 2852	 1946	-3597	-6931	 2265	-5972	-7634	  515	 -372	-2743	 2640	-3194	 5388	-5316	 1784	 2446	-1780	-1947	-2120	   91	 7994	 4220	  -65	-1244	-1405	 4209	-5757	 1112	-1162	 6303	-2333	 2315	-1524	 4914	-5815	 1184	 1585	 -225	-2297	-2591	 -938	 1358	
 -606	  609	 1089	  657	  564	 -966	   52	 -569	  346	 -591	 -300	  472	 -310	  287	 -905	 -506	 -886	 -146	  239	  134	  536	 1000	  435	  221	  262	   98	 -375	 -366	   86	 -254	 -569	  119	 -194	 -394	  178	  -12	  355	 -384	  177	  399	 -193	  -91	 -232	   62	  380	   60	  -48	 -111	    2	  340	 -445	   54	  -99	  361	 -106	  286	 -210	  389	 -438	   93	  163	 -297	  190	 -215	  133	  -47	
 -378	  340	  642	  371	  311	 -563	   30	 -335	  289	 -274	 -168	  266	 -168	  128	 -526	 -269	 -501	 -101	  144	   87	  223	  636	  219	  102	  135	   23	 -214	 -181	   34	 -130	 -296	   45	 -153	 -199	  105	   -8	  173	 -201	  120	  215	  -85	  -61	 -117	   49	  222	   24	  -28	  -67	   -9	  206	 -270	   36	  -56	  197	  -36	  160	 -166	  243	 -230	   65	   84	 -169	  172	 -150	   85	  -17	
 -266	  235	  445	  257	  209	 -380	   29	 -235	  237	 -180	 -117	  183	 -128	   91	 -369	 -186	 -347	  -76	  104	   62	  135	  456	  149	   69	   88	    3	 -144	 -117	   18	  -88	 -201	   19	 -113	 -130	   75	  -11	  118	 -133	   92	  149	  -48	  -44	  -74	   33	  162	   20	  -22	  -49	  -16	  144	 -189	   28	  -40	  133	  -20	  110	 -129	  176	 -153	   49	   54	 -109	  128	 -121	   59	   -2	
 -202	  178	  336	  198	  155	 -281	   29	 -179	  195	 -136	  -90	  139	 -105	   73	 -284	 -143	 -264	  -59	   80	   46	   97	  350	  115	   53	   65	   -3	 -107	  -85	   11	  -67	 -151	    8	  -88	  -96	   58	  -12	   92	  -97	   77	  112	  -33	  -36	  -54	   23	  126	   16	  -17	  -38	  -16	  109	 -143	   22	  -32	   98	  -13	   83	 -104	  136	 -113	   39	   39	  -77	   96	  -99	   44	    5	
 -162	  144	  267	  160	  124	 -220	   28	 -144	  163	 -110	  -73	  112	  -88	   62	 -231	 -117	 -212	  -47	   66	   37	   74	  283	   94	   45	   51	   -4	  -83	  -67	    7	  -54	 -121	    4	  -69	  -76	   47	  -13	   76	  -75	   65	   89	  -24	  -30	  -42	   17	  103	   16	  -15	  -30	  -17	   87	 -114	   19	  -26	   77	  -10	   68	  -88	  109	  -90	   32	   30	  -59	   74	  -84	   34	    7	
 -134	  121	  221	  135	  101	 -181	   27	 -120	  139	  -93	  -61	   93	  -77	   54	 -193	  -99	 -177	  -39	   57	   29	   62	  235	   80	   38	   41	   -4	  -69	  -55	    5	  -46	 -102	    1	  -57	  -62	   39	  -12	   65	  -62	   57	   74	  -19	  -26	  -34	   12	   86	   13	  -13	  -26	  -15	   71	  -95	   15	  -23	   64	   -8	   56	  -74	   92	  -74	   26	   24	  -48	   61	  -72	   29	    9	
 -114	  103	  188	  116	   87	 -152	   25	 -102	  121	  -81	  -52	   80	  -66	   47	 -167	  -86	 -152	  -33	   49	   25	   52	  202	   70	   33	   35	   -5	  -58	  -46	    3	  -40	  -87	    0	  -49	  -53	   34	  -12	   57	  -51	   50	   63	  -15	  -23	  -29	    9	   75	   13	  -12	  -22	  -15	   61	  -80	   13	  -21	   53	   -6	   48	  -66	   78	  -62	   23	   19	  -39	   49	  -64	   25	   10	
  -99	   90	  163	  102	   75	 -131	   24	  -90	  106	  -71	  -46	   70	  -60	   42	 -147	  -75	 -133	  -28	   43	   21	   45	  176	   62	   30	   30	   -3	  -51	  -41	    3	  -35	  -76	    0	  -42	  -46	   29	  -11	   50	  -44	   45	   55	  -14	  -21	  -26	    7	   66	   11	  -10	  -19	  -14	   52	  -69	   12	  -18	   47	   -6	   42	  -58	   69	  -55	   21	   17	  -33	   43	  -56	   21	   10	
  -87	   80	  144	   92	   66	 -116	   23	  -79	   95	  -63	  -41	   62	  -53	   38	 -132	  -68	 -117	  -25	   39	   19	   40	  156	   56	   28	   26	   -4	  -44	  -35	    1	  -31	  -67	   -2	  -36	  -40	   26	  -11	   46	  -39	   41	   48	  -11	  -19	  -22	    6	   58	   11	  -10	  -17	  -13	   46	  -61	   10	  -16	   41	   -4	   37	  -52	   61	  -47	   18	   14	  -29	   36	  -50	   19	   10	
  -79	   73	  128	   82	   60	 -103	   21	  -72	   86	  -57	  -37	   56	  -49	   35	 -118	  -62	 -107	  -21	   35	   16	   36	  140	   50	   24	   24	   -3	  -40	  -32	    2	  -29	  -61	   -2	  -33	  -36	   24	  -11	   42	  -34	   37	   43	  -10	  -18	  -20	    4	   53	   10	   -9	  -16	  -12	   41	  -54	   10	  -15	   37	   -4	   34	  -47	   54	  -43	   16	   13	  -25	   32	  -46	   17	   10	
  -70	   65	  116	   75	   53	  -92	   20	  -64	   78	  -53	  -33	   51	  -44	   32	 -108	  -56	  -96	  -19	   33	   15	   33	  128	   46	   23	   21	   -3	  -36	  -29	    1	  -26	  -55	   -1	  -29	  -32	   21	   -9	   38	  -30	   34	   39	   -9	  -16	  -19	    3	   48	    9	   -8	  -14	  -12	   37	  -49	    8	  -14	   33	   -4	   30	  -43	   49	  -39	   16	   12	  -23	   29	  -41	   16	    9	
  -65	   60	  106	   70	   49	  -85	   18	  -60	   71	  -48	  -30	   47	  -41	   29	  -99	  -52	  -88	  -17	   30	   13	   30	  116	   43	   21	   19	   -3	  -32	  -27	    1	  -24	  -51	   -2	  -27	  -29	   19	  -10	   35	  -28	   32	   35	   -8	  -16	  -16	    3	   43	    9	   -7	  -13	  -10	   34	  -44	    7	  -13	   30	   -3	   28	  -40	   45	  -35	   14	   10	  -20	   26	  -39	   14	   10	
  -60	   55	   97	   63	   45	  -77	   18	  -54	   66	  -44	  -28	   43	  -38	   28	  -92	  -48	  -81	  -16	   28	   13	   28	  107	   39	   20	   17	   -3	  -30	  -24	    0	  -22	  -46	   -2	  -24	  -27	   18	   -9	   32	  -25	   29	   32	   -7	  -15	  -16	    3	   41	    8	   -7	  -12	  -11	   30	  -41	    7	  -12	   28	   -3	   25	  -37	   41	  -33	   13	    9	  -19	   23	  -35	   13	    9	
  -55	   51	   90	   60	   42	  -71	   17	  -51	   61	  -42	  -26	   40	  -35	   25	  -85	  -45	  -76	  -14	   26	   11	   25	   99	   37	   18	   16	   -2	  -28	  -23	    1	  -21	  -44	   -3	  -22	  -25	   17	   -8	   31	  -23	   28	   29	   -7	  -14	  -14	    1	   37	    8	   -7	  -11	   -9	   28	  -38	    7	  -12	   25	   -3	   23	  -34	   39	  -30	   12	    9	  -16	   21	  -33	   12	   10	
  -51	   48	   83	   55	   38	  -66	   17	  -47	   57	  -39	  -24	   37	  -33	   24	  -80	  -42	  -70	  -13	   24	   11	   24	   92	   34	   18	   15	   -2	  -25	  -21	    0	  -20	  -40	   -2	  -21	  -22	   15	   -8	   29	  -21	   25	   28	   -7	  -13	  -14	    2	   35	    8	   -6	  -10	   -9	   26	  -35	    6	  -10	   24	   -2	   22	  -32	   35	  -28	   11	    8	  -16	   20	  -31	   12	    9	
  -48	   44	   78	   53	   37	  -62	   15	  -44	   53	  -36	  -23	   36	  -31	   22	  -75	  -40	  -66	  -12	   23	    9	   23	   87	   33	   16	   14	   -2	  -24	  -19	    0	  -18	  -38	   -2	  -19	  -22	   14	   -8	   27	  -20	   25	   26	   -5	  -13	  -12	    1	   32	    7	   -6	  -10	   -9	   25	  -32	    5	  -10	   22	   -3	   20	  -31	   33	  -26	   11	    8	  -14	   18	  -29	   11	    8	
  -45	   42	   73	   49	   33	  -58	   15	  -41	   51	  -34	  -21	   33	  -29	   22	  -71	  -37	  -62	  -11	   22	   10	   21	   81	   31	   16	   13	   -2	  -22	  -19	    1	  -18	  -35	   -2	  -18	  -20	   14	   -8	   25	  -18	   22	   23	   -6	  -12	  -12	    1	   31	    6	   -6	   -9	   -9	   22	  -30	    5	  -10	   21	   -2	   20	  -28	   31	  -24	   10	    7	  -13	   17	  -27	   10	    9	
  -42	   40	   69	   46	   32	  -54	   14	  -40	   47	  -32	  -20	   31	  -28	   20	  -66	  -36	  -59	  -10	   20	    8	   20	   76	   29	   14	   12	   -2	  -22	  -17	    0	  -16	  -34	   -2	  -17	  -18	   13	   -7	   24	  -17	   22	   23	   -5	  -12	  -11	    1	   29	    7	   -5	   -9	   -8	   22	  -29	    5	   -9	   20	   -2	   17	  -27	   30	  -23	   10	    6	  -12	   16	  -26	    9	    8	
  -40	   37	   65	   44	   30	  -52	   14	  -37	   44	  -31	  -19	   30	  -26	   19	  -64	  -33	  -55	  -10	   20	    8	   19	   73	   27	   14	   11	   -2	  -19	  -17	    0	  -16	  -32	   -2	  -15	  -18	   12	   -7	   23	  -16	   20	   21	   -5	  -12	  -11	    0	   27	    6	   -5	   -8	   -7	   20	  -27	    5	   -8	   19	   -2	   17	  -26	   27	  -22	    9	    7	  -12	   14	  -24	    9	    8	
  -38	   36	   62	   42	   29	  -48	   13	  -35	   43	  -29	  -17	   28	  -25	   18	  -60	  -32	  -52	   -9	   19	    8	   18	   68	   27	   13	   11	   -2	  -19	  -15	    0	  -15	  -30	   -2	  -15	  -16	   11	   -6	   22	  -16	   20	   20	   -5	  -10	  -10	    1	   26	    6	   -5	   -8	   -8	   19	  -25	    4	   -8	   17	   -1	   16	  -24	   27	  -20	    9	    6	  -11	   14	  -23	    9	    8	
  -36	   33	   58	   40	   27	  -46	   12	  -33	   40	  -28	  -17	   27	  -24	   17	  -58	  -31	  -50	   -8	   18	    8	   18	   65	   25	   13	   10	   -1	  -18	  -15	    0	  -14	  -29	   -2	  -14	  -16	   11	   -7	   21	  -14	   18	   19	   -4	  -11	  -10	    0	   25	    6	   -5	   -7	   -7	   17	  -24	    4	   -8	   17	   -2	   15	  -24	   24	  -20	    8	    5	  -10	   14	  -22	    8	    8	
  -34	   32	   56	   38	   25	  -44	   12	  -32	   39	  -26	  -16	   26	  -22	   17	  -54	  -29	  -48	   -8	   17	    7	   16	   62	   24	   12	   10	   -2	  -17	  -14	    0	  -13	  -27	   -2	  -14	  -15	   10	   -6	   20	  -14	   18	   18	   -4	  -10	   -9	    0	   23	    5	   -4	   -7	   -6	   17	  -23	    4	   -8	   16	   -2	   15	  -22	   24	  -19	    8	    6	   -9	   12	  -21	    8	    8	
  -33	   31	   53	   37	   25	  -42	   12	  -30	   36	  -26	  -16	   24	  -22	   16	  -53	  -29	  -46	   -8	   16	    6	   16	   60	   23	   12	    9	   -1	  -16	  -14	    0	  -14	  -26	   -2	  -12	  -14	   10	   -6	   19	  -13	   17	   17	   -4	  -10	   -9	    0	   23	    6	   -4	   -7	   -7	   17	  -22	    3	   -7	   15	   -1	   14	  -21	   23	  -17	    8	    5	   -9	   12	  -20	    7	    7	
  -32	   29	   51	   35	   23	  -40	   11	  -30	   35	  -24	  -14	   24	  -21	   15	  -51	  -27	  -43	   -7	   16	    7	   15	   57	   22	   11	    9	   -2	  -16	  -13	    0	  -12	  -25	   -2	  -12	  -14	    9	   -6	   18	  -12	   17	   16	   -4	  -10	   -8	    0	   21	    5	   -4	   -7	   -6	   15	  -20	    4	   -7	   15	   -2	   13	  -21	   21	  -17	    8	    5	   -9	   11	  -19	    8	    7	
  -30	   29	   48	   33	   23	  -38	   11	  -28	   34	  -23	  -14	   23	  -20	   15	  -48	  -26	  -42	   -6	   15	    6	   15	   54	   21	   11	    8	   -1	  -15	  -12	    0	  -12	  -24	   -2	  -12	  -13	    9	   -5	   18	  -12	   15	   16	   -4	   -9	   -8	    0	   21	    5	   -4	   -6	   -6	   15	  -20	    3	   -7	   14	   -1	   12	  -19	   21	  -17	    7	    4	   -8	   11	  -19	    6	    8	
  -29	   27	   47	   33	   21	  -37	   11	  -26	   32	  -23	  -14	   22	  -19	   14	  -47	  -25	  -40	   -7	   15	    6	   14	   52	   20	   10	    8	   -2	  -14	  -12	    0	  -12	  -24	   -2	  -11	  -12	    9	   -6	   17	  -11	   15	   15	   -3	   -9	   -8	    0	   19	    4	   -4	   -6	   -6	   14	  -19	    3	   -6	   13	   -1	   12	  -19	   20	  -15	    7	    5	   -8	   10	  -17	    7	    7	
  -27	   26	   45	   31	   21	  -35	   10	  -26	   31	  -21	  -13	   21	  -18	   13	  -45	  -24	  -39	   -6	   14	    6	   13	   51	   20	   10	    8	   -1	  -14	  -12	    0	  -11	  -22	   -2	  -10	  -12	    8	   -5	   16	  -11	   15	   14	   -4	   -9	   -8	    0	   19	    5	   -4	   -6	   -6	   13	  -18	    3	   -6	   13	   -1	   12	  -19	   19	  -15	    7	    4	   -7	   10	  -18	    7	    6	
  -27	   25	   43	   30	   20	  -34	   10	  -25	   30	  -21	  -12	   20	  -18	   13	  -43	  -23	  -37	   -6	   14	    5	   14	   48	   19	   10	    8	   -1	  -13	  -11	    0	  -11	  -21	   -1	  -10	  -11	    8	   -5	   16	  -10	   14	   14	   -3	   -9	   -7	    0	   19	    4	   -3	   -6	   -6	   13	  -18	    3	   -6	   13	   -2	   11	  -17	   18	  -15	    6	    4	   -7	   10	  -16	    6	    7	
  -26	   24	   42	   29	   19	  -33	   10	  -24	   29	  -20	  -12	   20	  -17	   13	  -42	  -23	  -36	   -5	   13	    5	   12	   47	   18	    9	    7	   -1	  -12	  -11	    0	  -10	  -21	   -2	  -10	  -11	    8	   -5	   15	  -10	   13	   13	   -3	   -8	   -7	    0	   17	    5	   -4	   -5	   -5	   13	  -17	    3	   -6	   12	   -1	   10	  -17	   18	  -13	    7	    4	   -7	    9	  -16	    6	    7	
  -25	   23	   40	   28	   19	  -31	   10	  -24	   28	  -20	  -12	   19	  -17	   12	  -40	  -21	  -35	   -5	   13	    6	   13	   45	   18	    9	    7	   -2	  -13	  -10	    0	  -11	  -20	   -2	   -9	  -11	    7	   -5	   15	   -9	   13	   13	   -3	   -8	   -7	   -1	   17	    4	   -3	   -5	   -5	   12	  -16	    3	   -6	   11	   -1	   11	  -17	   17	  -14	    6	    4	   -7	    8	  -15	    5	    6	
  -24	   23	   39	   27	   18	  -31	    9	  -22	   27	  -19	  -11	   18	  -16	   12	  -40	  -22	  -34	   -6	   12	    5	   11	   44	   17	    9	    6	   -1	  -11	  -10	    0	   -9	  -19	   -2	   -9	  -10	    8	   -5	   14	   -9	   13	   12	   -3	   -8	   -6	    0	   17	    4	   -3	   -6	   -5	   11	  -16	    2	   -5	   12	   -1	   10	  -16	   17	  -13	    6	    4	   -6	    9	  -15	    6	    6	
  -23	   21	   38	   27	   17	  -29	    9	  -22	   26	  -18	  -10	   18	  -16	   12	  -38	  -20	  -33	   -4	   12	    4	   12	   42	   17	    8	    7	   -1	  -12	  -10	   -1	  -10	  -19	   -1	   -9	  -10	    6	   -4	   14	   -9	   12	   12	   -3	   -8	   -7	    0	   16	    4	   -3	   -5	   -5	   11	  -15	    3	   -5	   10	   -1	    9	  -15	   15	  -12	    5	    4	   -6	    8	  -14	    5	    6	
  -23	   21	   36	   25	   17	  -29	    8	  -21	   25	  -17	  -11	   18	  -15	   11	  -37	  -20	  -31	   -5	   12	    5	   11	   41	   16	    9	    6	   -1	  -11	   -9	    0	   -9	  -18	   -2	   -8	   -9	    7	   -5	   14	   -9	   12	   11	   -3	   -7	   -6	   -1	   15	    4	   -4	   -5	   -5	   11	  -15	    2	   -6	   11	   -1	    9	  -15	   16	  -13	    6	    3	   -5	    8	  -14	    6	    7	
  -22	   21	   36	   25	   16	  -27	    9	  -20	   25	  -17	  -10	   16	  -14	   11	  -36	  -19	  -31	   -5	   12	    5	   11	   39	   16	    8	    6	   -1	  -10	   -9	    0	   -9	  -18	   -2	   -8	  -10	    7	   -4	   13	   -8	   12	   11	   -2	   -8	   -6	    0	   15	    4	   -3	   -4	   -5	   10	  -14	    2	   -5	   10	   -1	    9	  -15	   15	  -11	    6	    4	   -6	    8	  -13	    5	    5	
  -21	   20	   34	   24	   16	  -27	    8	  -20	   24	  -17	  -10	   17	  -15	   10	  -34	  -19	  -29	   -4	   11	    4	   11	   39	   15	    7	    6	   -1	  -11	   -9	    0	   -9	  -17	   -1	   -8	   -9	    6	   -4	   12	   -8	   11	   11	   -3	   -7	   -6	   -1	   14	    3	   -2	   -5	   -4	   10	  -14	    2	   -5	   10	   -1	    9	  -14	   14	  -12	    5	    3	   -5	    7	  -13	    5	    6	
  -21	   19	   33	   24	   15	  -26	    8	  -19	   23	  -16	   -9	   16	  -13	   10	  -34	  -19	  -29	   -4	   11	    5	   10	   37	   15	    8	    5	   -1	  -10	   -8	    0	   -9	  -17	   -2	   -8	   -8	    6	   -5	   13	   -8	   11	   10	   -3	   -7	   -5	    0	   15	    4	   -3	   -4	   -5	   10	  -13	    3	   -4	   10	   -1	    8	  -14	   14	  -11	    5	    3	   -5	    7	  -13	    5	    6	
  -20	   19	   33	   22	   15	  -25	    8	  -19	   22	  -16	   -9	   15	  -14	   10	  -33	  -18	  -29	   -4	   10	    4	   10	   37	   15	    7	    6	   -1	   -9	   -9	    0	   -8	  -16	   -2	   -7	   -9	    6	   -4	   12	   -7	   10	   10	   -2	   -7	   -6	    0	   13	    3	   -3	   -5	   -4	   10	  -13	    2	   -5	    9	   -1	    8	  -13	   14	  -11	    5	    4	   -5	    7	  -12	    4	    6	
  -20	   18	   31	   23	   14	  -25	    8	  -18	   22	  -15	   -9	   15	  -13	   10	  -33	  -17	  -27	   -4	   10	    4	   10	   35	   14	    8	    5	   -1	  -10	   -8	    0	   -8	  -16	   -1	   -7	   -8	    6	   -4	   12	   -8	   11	   10	   -2	   -7	   -5	   -1	   14	    4	   -3	   -4	   -4	    9	  -12	    2	   -4	    9	    0	    8	  -13	   13	  -10	    5	    3	   -5	    7	  -12	    5	    5	
  -19	   18	   31	   21	   14	  -24	    7	  -18	   21	  -15	   -9	   15	  -13	   10	  -31	  -17	  -27	   -4	   10	    4	   10	   34	   13	    7	    5	   -1	   -9	   -8	    0	   -8	  -15	   -2	   -7	   -8	    6	   -4	   11	   -7	   10	   10	   -3	   -7	   -6	    0	   13	    3	   -2	   -4	   -5	    9	  -13	    2	   -5	    9	   -1	    8	  -13	   13	  -10	    5	    3	   -5	    6	  -12	    4	    6	
  -18	   17	   30	   22	   14	  -23	    8	  -18	   21	  -15	   -8	   14	  -12	    9	  -31	  -17	  -25	   -3	   10	    4	    9	   34	   14	    6	    5	   -1	   -9	   -8	    0	   -8	  -15	   -1	   -7	   -7	    5	   -3	   11	   -6	    9	    9	   -2	   -6	   -5	   -1	   12	    4	   -3	   -4	   -4	    8	  -11	    1	   -4	    9	   -1	    8	  -13	   13	  -10	    5	    3	   -4	    7	  -11	    5	    5	
  -19	   17	   29	   20	   13	  -23	    7	  -16	   20	  -14	   -9	   14	  -12	    9	  -29	  -16	  -26	   -4	   10	    4	    9	   32	   13	    7	    5	   -1	   -9	   -7	    0	   -7	  -15	   -2	   -6	   -8	    5	   -4	   11	   -7	   10	    9	   -2	   -7	   -5	    0	   13	    3	   -2	   -4	   -4	    9	  -12	    2	   -4	    8	   -1	    7	  -12	   12	  -10	    4	    2	   -4	    6	  -11	    4	    5	
  -17	   16	   28	   20	   13	  -22	    7	  -17	   19	  -14	   -8	   14	  -12	    9	  -30	  -16	  -25	   -3	    9	    3	    9	   32	   13	    7	    5	   -1	   -8	   -8	   -1	   -8	  -14	   -1	   -7	   -7	    6	   -4	   11	   -7	    9	    9	   -2	   -6	   -5	   -1	   12	    3	   -3	   -4	   -3	    8	  -11	    2	   -4	    9	   -1	    7	  -12	   12	   -9	    5	    3	   -5	    6	  -11	    4	    6	
  -17	   16	   28	   20	   13	  -21	    7	  -16	   20	  -13	   -8	   14	  -11	    8	  -28	  -15	  -24	   -4	    9	    4	    9	   31	   12	    6	    4	   -1	   -9	   -7	    0	   -7	  -14	   -2	   -6	   -7	    5	   -3	   10	   -6	    9	    8	   -2	   -6	   -5	   -1	   11	    3	   -2	   -4	   -4	    8	  -11	    2	   -4	    8	    0	    7	  -11	   12	   -9	    4	    3	   -4	    6	  -10	    4	    5	
  -17	   16	   27	   19	   12	  -21	    7	  -16	   18	  -13	   -7	   13	  -12	    8	  -28	  -15	  -23	   -3	    9	    4	    8	   31	   12	    6	    5	   -1	   -8	   -7	    0	   -7	  -14	   -1	   -6	   -7	    5	   -4	   10	   -6	    9	    8	   -3	   -7	   -4	    0	   12	    3	   -3	   -4	   -4	    8	  -11	    1	   -4	    8	   -1	    6	  -12	   11	   -9	    5	    3	   -4	    6	  -11	    4	    5	
  -17	   15	   26	   19	   12	  -21	    7	  -15	   19	  -13	   -8	   13	  -11	    9	  -27	  -15	  -23	   -3	    9	    3	    9	   29	   12	    6	    4	   -1	   -8	   -7	    0	   -7	  -13	   -2	   -6	   -7	    4	   -3	   10	   -6	    9	    9	   -2	   -6	   -5	   -1	   11	    3	   -2	   -3	   -4	    7	  -10	    2	   -4	    7	   -1	    7	  -11	   11	   -9	    4	    2	   -3	    5	  -10	    4	    5	
  -16	   15	   26	   18	   12	  -20	    6	  -15	   17	  -13	   -7	   12	  -10	    8	  -27	  -15	  -23	   -3	    9	    4	    8	   30	   12	    6	    5	   -1	   -7	   -6	    0	   -7	  -13	   -1	   -6	   -6	    5	   -4	   10	   -6	    8	    7	   -2	   -6	   -4	    0	   11	    3	   -2	   -4	   -3	    8	  -11	    2	   -4	    8	    0	    6	  -10	   11	   -9	    4	    3	   -4	    6	   -9	    4	    5	
  -16	   15	   26	   18	   11	  -20	    7	  -15	   18	  -12	   -7	   12	  -11	    7	  -26	  -14	  -22	   -3	    8	    3	    8	   28	   12	    6	    4	   -1	   -8	   -7	    0	   -7	  -13	   -2	   -5	   -7	    5	   -3	    9	   -5	    9	    8	   -1	   -5	   -5	   -1	   11	    3	   -2	   -3	   -4	    7	  -10	    1	   -4	    7	   -1	    6	  -11	   11	   -8	    4	    2	   -4	    5	  -10	    4	    4	
  -15	   14	   24	   18	   12	  -19	    6	  -14	   17	  -12	   -7	   12	  -10	    8	  -26	  -14	  -21	   -3	    8	    3	    8	   28	   11	    6	    4	    0	   -7	   -6	    0	   -6	  -12	   -1	   -6	   -6	    4	   -3	   10	   -6	    8	    8	   -2	   -6	   -4	    0	   10	    2	   -2	   -4	   -3	    7	   -9	    2	   -3	    7	   -1	    7	  -11	   10	   -8	    4	    3	   -3	    5	   -9	    3	    5	
  -15	   14	   25	   17	   11	  -19	    6	  -14	   17	  -12	   -7	   12	  -10	    8	  -25	  -13	  -22	   -3	    8	    3	    8	   27	   11	    6	    4	   -1	   -8	   -7	    0	   -7	  -12	   -2	   -5	   -6	    5	   -4	    9	   -5	    8	    7	   -2	   -6	   -4	   -1	   10	    3	   -3	   -3	   -4	    7	  -10	    1	   -4	    7	    0	    5	  -10	   10	   -8	    4	    2	   -3	    5	   -9	    4	    5	
  -15	   14	   23	   17	   10	  -18	    6	  -14	   16	  -12	   -6	   12	  -10	    7	  -24	  -14	  -20	   -3	    8	    4	    7	   26	   10	    5	    4	   -1	   -7	   -6	   -1	   -6	  -12	   -1	   -5	   -6	    4	   -3	    9	   -6	    7	    7	   -2	   -5	   -4	    0	   10	    3	   -2	   -3	   -3	    6	   -9	    2	   -3	    7	   -1	    6	  -10	   10	   -8	    4	    2	   -4	    5	   -9	    4	    4	
  -15	   13	   23	   17	   11	  -18	    6	  -14	   16	  -11	   -7	   11	  -10	    7	  -25	  -13	  -21	   -2	    8	    3	    8	   27	   11	    6	    4	   -1	   -7	   -6	    0	   -6	  -12	   -1	   -5	   -6	    4	   -3	    9	   -5	    8	    7	   -2	   -6	   -4	   -1	   10	    2	   -2	   -4	   -3	    7	   -9	    1	   -4	    7	   -1	    6	  -10	   10	   -8	    4	    3	   -3	    5	   -9	    3	    5	
  -14	   13	   23	   16	   10	  -18	    6	  -13	   16	  -11	   -6	   11	   -9	    7	  -23	  -13	  -19	   -3	    8	    3	    7	   25	   10	    5	    4	   -1	   -6	   -6	    0	   -6	  -11	   -2	   -5	   -6	    5	   -3	    8	   -5	    7	    7	   -2	   -5	   -4	   -1	   10	    3	   -2	   -3	   -4	    6	   -9	    1	   -3	    7	    0	    5	   -9	    9	   -8	    4	    2	   -3	    5	   -9	    3	    4	
  -14	   13	   23	   16	   10	  -17	    6	  -13	   15	  -11	   -7	   11	  -10	    7	  -24	  -13	  -20	   -2	    7	    3	    7	   25	   11	    5	    3	    0	   -7	   -6	    0	   -6	  -12	   -1	   -5	   -5	    4	   -3	    9	   -5	    8	    7	   -1	   -5	   -4	    0	    9	    2	   -2	   -3	   -3	    7	   -9	    2	   -3	    6	   -1	    6	  -10	   10	   -7	    3	    2	   -3	    5	   -8	    4	    5	
  -13	   13	   22	   16	   10	  -17	    5	  -13	   15	  -11	   -6	   11	   -9	    7	  -22	  -12	  -19	   -3	    8	    3	    7	   25	   10	    5	    4	   -1	   -6	   -5	    0	   -6	  -11	   -1	   -5	   -6	    4	   -3	    8	   -5	    7	    7	   -2	   -6	   -4	   -1	    9	    3	   -2	   -3	   -3	    6	   -9	    1	   -4	    7	    0	    5	   -9	    9	   -7	    4	    2	   -3	    4	   -8	    3	    4	
  -14	   12	   21	   15	   10	  -17	    6	  -12	   15	  -11	   -6	   11	   -9	    7	  -23	  -12	  -19	   -2	    7	    3	    7	   24	    9	    5	    4	   -1	   -7	   -6	    0	   -5	  -10	   -2	   -5	   -5	    4	   -3	    8	   -5	    7	    6	   -2	   -5	   -4	    0	   10	    2	   -1	   -3	   -3	    6	   -8	    1	   -3	    6	   -1	    5	   -9	    9	   -7	    4	    3	   -3	    5	   -9	    3	    5	
  -13	   12	   21	   15	    9	  -17	    5	  -13	   15	  -10	   -6	   10	   -9	    6	  -22	  -12	  -18	   -3	    7	    3	    7	   24	   10	    5	    3	   -1	   -6	   -5	    0	   -6	  -11	   -1	   -4	   -6	    3	   -2	    8	   -4	    7	    6	   -1	   -5	   -4	   -1	    8	    3	   -2	   -3	   -3	    6	   -8	    1	   -3	    6	    0	    6	   -9	    9	   -7	    3	    2	   -3	    4	   -7	    3	    4	
  -13	   12	   21	   15	   10	  -16	    6	  -12	   14	  -10	   -5	   10	   -8	    7	  -21	  -12	  -18	   -2	    7	    2	    7	   23	    9	    5	    3	   -1	   -6	   -6	    0	   -6	  -11	   -1	   -5	   -5	    4	   -3	    8	   -5	    7	    7	   -2	   -5	   -3	   -1	    9	    2	   -2	   -3	   -3	    6	   -9	    2	   -3	    6	   -1	    5	   -9	    8	   -7	    4	    2	   -3	    5	   -8	    3	    4	
  -13	   12	   20	   15	    9	  -15	    5	  -12	   14	  -10	   -6	   10	   -9	    6	  -22	  -12	  -18	   -2	    7	    3	    7	   23	   10	    5	    4	    0	   -6	   -5	    0	   -5	  -10	   -2	   -4	   -5	    4	   -3	    8	   -4	    6	    6	   -1	   -5	   -4	    0	    9	    2	   -2	   -3	   -3	    5	   -7	    1	   -3	    6	   -1	    4	   -8	    9	   -7	    3	    2	   -2	    4	   -8	    3	    4	
  -12	   11	   20	   14	    9	  -16	    5	  -11	   14	  -10	   -6	   10	   -8	    6	  -21	  -11	  -18	   -2	    7	    3	    6	   22	    9	    5	    3	   -1	   -6	   -5	   -1	   -5	  -10	   -1	   -4	   -5	    3	   -3	    7	   -5	    7	    6	   -2	   -5	   -3	   -1	    8	    3	   -2	   -3	   -3	    6	   -8	    1	   -3	    6	    0	    5	   -9	    8	   -6	    3	    2	   -3	    4	   -7	    3	    4	
  -13	   12	   20	   14	    9	  -15	    6	  -12	   14	  -10	   -5	   10	   -8	    7	  -20	  -11	  -17	   -3	    7	    3	    6	   22	    9	    4	    3	   -1	   -6	   -6	    0	   -6	  -10	   -1	   -5	   -5	    4	   -2	    8	   -4	    6	    5	   -1	   -4	   -4	    0	    9	    2	   -1	   -2	   -3	    5	   -8	    1	   -3	    6	   -1	    5	   -8	    8	   -7	    4	    2	   -2	    4	   -8	    3	    4	
  -12	   11	   19	   14	    9	  -15	    5	  -11	   13	   -9	   -5	    9	   -8	    6	  -20	  -11	  -17	   -2	    6	    2	    7	   22	    9	    5	    4	   -1	   -6	   -5	    0	   -5	  -10	   -1	   -4	   -5	    4	   -3	    7	   -4	    7	    6	   -2	   -5	   -3	   -1	    8	    2	   -2	   -3	   -2	    6	   -7	    1	   -3	    6	    0	    5	   -8	    9	   -6	    3	    2	   -3	    4	   -7	    3	    4	
  -12	   11	   19	   14	    8	  -15	    5	  -11	   13	   -9	   -6	   10	   -8	    6	  -20	  -11	  -17	   -2	    7	    3	    6	   21	    8	    4	    3	    0	   -5	   -5	    0	   -5	   -9	   -2	   -4	   -4	    3	   -3	    7	   -4	    6	    6	   -1	   -5	   -4	   -1	    8	    2	   -2	   -3	   -3	    5	   -8	    1	   -3	    5	   -1	    4	   -9	    7	   -7	    3	    2	   -2	    4	   -7	    3	    4	
  -11	   11	   19	   14	    9	  -14	    5	  -11	   13	  -10	   -5	    9	   -8	    5	  -20	  -11	  -16	   -2	    6	    2	    6	   21	    9	    5	    3	   -1	   -6	   -5	    0	   -5	  -10	   -1	   -4	   -5	    3	   -2	    7	   -4	    6	    5	   -2	   -4	   -3	    0	    8	    3	   -1	   -2	   -3	    5	   -7	    1	   -2	    6	    0	    5	   -8	    8	   -6	    3	    2	   -3	    4	   -7	    3	    4	
  -12	   10	   18	   13	    8	  -15	    5	  -11	   13	   -9	   -5	    9	   -8	    6	  -19	  -11	  -16	   -2	    6	    3	    6	   21	    8	    4	    3	   -1	   -5	   -4	    0	   -5	   -9	   -1	   -4	   -5	    4	   -3	    7	   -5	    6	    6	   -1	   -5	   -3	   -1	    7	    2	   -2	   -3	   -2	    5	   -7	    1	   -3	    5	   -1	    4	   -7	    8	   -6	    3	    1	   -2	    4	   -7	    3	    4	
  -11	   11	   19	   13	    8	  -14	    4	  -11	   12	   -9	   -5	    9	   -7	    6	  -19	  -10	  -16	   -2	    7	    2	    6	   20	    9	    5	    3	    0	   -5	   -5	    0	   -5	   -9	   -1	   -4	   -4	    3	   -2	    7	   -3	    6	    5	   -2	   -5	   -3	    0	    8	    2	   -2	   -3	   -3	    5	   -7	    1	   -3	    6	    0	    4	   -8	    7	   -6	    3	    2	   -2	    4	   -7	    2	    4	
  -11	   10	   17	   13	    8	  -13	    5	  -10	   12	   -8	   -5	    9	   -8	    5	  -19	  -10	  -15	   -2	    6	    3	    6	   20	    8	    4	    3	   -1	   -6	   -5	    0	   -5	   -9	   -1	   -3	   -4	    3	   -3	    7	   -4	    6	    6	   -1	   -4	   -4	   -1	    8	    2	   -1	   -2	   -3	    5	   -7	    1	   -3	    5	   -1	    4	   -8	    8	   -6	    3	    2	   -3	    3	   -7	    3	    4	
  -11	   10	   18	   12	    8	  -14	    5	  -10	   12	   -9	   -5	    9	   -7	    6	  -19	  -10	  -16	   -2	    6	    2	    6	   20	    8	    4	    3	   -1	   -5	   -4	   -1	   -4	   -9	   -2	   -4	   -5	    4	   -2	    7	   -4	    6	    5	   -1	   -4	   -3	   -1	    7	    2	   -2	   -3	   -2	    5	   -7	    1	   -2	    5	    0	    5	   -7	    7	   -6	    3	    2	   -2	    4	   -6	    3	    3	
  -11	   10	   17	   13	    8	  -13	    4	  -10	   12	   -9	   -5	    8	   -7	    5	  -18	  -10	  -15	   -1	    6	    3	    6	   19	    8	    4	    2	    0	   -5	   -5	    0	   -5	   -9	   -1	   -4	   -4	    3	   -3	    7	   -4	    5	    5	   -2	   -5	   -3	    0	    7	    2	   -1	   -2	   -3	    5	   -7	    1	   -3	    5	    0	    4	   -8	    7	   -5	    3	    2	   -2	    4	   -7	    2	    4	
  -11	   10	   17	   12	    7	  -14	    5	  -10	   12	   -8	   -4	    9	   -7	    6	  -18	  -10	  -15	   -2	    6	    2	    5	   19	    8	    4	    3	   -1	   -5	   -4	    0	   -5	   -8	   -1	   -3	   -4	    3	   -2	    6	   -4	    6	    5	   -1	   -4	   -3	   -1	    8	    2	   -2	   -3	   -2	    4	   -6	    1	   -2	    5	   -1	    4	   -7	    7	   -6	    3	    1	   -2	    3	   -6	    3	    4	
  -10	    9	   17	   12	    8	  -13	    5	  -10	   12	   -8	   -5	    8	   -7	    5	  -17	  -10	  -15	   -2	    5	    2	    6	   19	    7	    4	    3	   -1	   -5	   -5	    0	   -4	   -9	   -1	   -4	   -4	    3	   -2	    6	   -3	    5	    5	   -1	   -4	   -3	    0	    7	    2	   -2	   -2	   -3	    5	   -7	    1	   -3	    5	    0	    4	   -7	    7	   -5	    3	    2	   -2	    4	   -6	    2	    3	
  -11	   10	   17	   12	    7	  -12	    4	  -10	   11	   -8	   -5	    8	   -7	    5	  -18	   -9	  -14	   -2	    6	    3	    5	   19	    8	    4	    3	    0	   -5	   -4	    0	   -5	   -8	   -1	   -3	   -5	    3	   -2	    7	   -4	    6	    5	   -1	   -4	   -3	   -1	    7	    2	   -1	   -2	   -2	    4	   -6	    1	   -2	    5	   -1	    3	   -7	    7	   -6	    3	    2	   -2	    3	   -6	    3	    4	
  -10	    9	   16	   12	    8	  -13	    4	   -9	   11	   -8	   -4	    8	   -7	    5	  -17	  -10	  -14	   -1	    6	    2	    6	   18	    8	    4	    2	   -1	   -4	   -5	    0	   -4	   -9	   -1	   -4	   -4	    3	   -3	    6	   -3	    5	    5	   -2	   -5	   -3	   -1	    6	    2	   -1	   -3	   -3	    5	   -7	    1	   -3	    5	    0	    4	   -7	    7	   -5	    3	    1	   -2	    4	   -6	    2	    3	
  -10	    9	   16	   12	    7	  -13	    5	  -10	   11	   -8	   -4	    8	   -6	    5	  -17	   -9	  -15	   -2	    5	    2	    5	   18	    7	    4	    3	   -1	   -5	   -4	    0	   -5	   -8	   -2	   -3	   -3	    3	   -2	    6	   -4	    5	    4	   -1	   -4	   -3	    0	    7	    2	   -2	   -2	   -2	    4	   -6	    1	   -2	    5	   -1	    4	   -7	    7	   -5	    2	    2	   -2	    3	   -6	    3	    4	
  -10	   10	   16	   11	    7	  -12	    4	   -9	   11	   -8	   -5	    8	   -7	    5	  -17	   -9	  -13	   -2	    6	    2	    5	   18	    7	    4	    3	    0	   -5	   -4	    0	   -4	   -8	   -1	   -4	   -4	    3	   -2	    6	   -3	    5	    5	   -1	   -4	   -2	   -1	    7	    1	   -1	   -2	   -2	    5	   -6	    1	   -3	    4	    0	    4	   -7	    6	   -6	    3	    1	   -2	    3	   -6	    2	    3	
  -10	    9	   16	   11	    7	  -12	    4	   -9	   11	   -8	   -4	    8	   -7	    5	  -16	   -9	  -14	   -1	    5	    3	    6	   17	    7	    3	    2	   -1	   -4	   -4	    0	   -4	   -8	   -1	   -3	   -4	    2	   -2	    6	   -3	    5	    4	   -1	   -4	   -3	    0	    7	    2	   -2	   -3	   -3	    4	   -6	    0	   -2	    5	    0	    3	   -7	    7	   -5	    3	    2	   -2	    4	   -6	    3	    4	
   -9	    8	   15	   12	    7	  -12	    4	   -9	   11	   -7	   -4	    8	   -6	    5	  -17	   -9	  -14	   -2	    5	    2	    5	   18	    8	    4	    3	   -1	   -5	   -4	    0	   -4	   -8	   -1	   -3	   -4	    3	   -3	    6	   -4	    5	    5	   -2	   -4	   -3	   -1	    6	    2	   -1	   -2	   -2	    4	   -6	    1	   -2	    5	   -1	    4	   -6	    6	   -5	    2	    2	   -1	    3	   -6	    2	    3	
  -10	    9	   16	   11	    7	  -12	    5	   -9	   10	   -8	   -5	    7	   -6	    5	  -16	   -9	  -13	   -2	    6	    2	    5	   17	    7	    4	    2	    0	   -4	   -4	   -1	   -5	   -7	   -1	   -3	   -4	    3	   -2	    6	   -3	    5	    4	   -1	   -4	   -3	   -1	    6	    2	   -2	   -2	   -2	    4	   -6	    1	   -3	    4	    0	    4	   -7	    6	   -5	    3	    1	   -2	    3	   -5	    2	    4	
   -9	    9	   15	   11	    6	  -11	    4	   -9	   10	   -7	   -4	    8	   -7	    4	  -16	   -9	  -13	   -1	    5	    2	    5	   16	    6	    3	    3	   -1	   -5	   -4	    0	   -4	   -8	   -1	   -3	   -3	    3	   -2	    6	   -3	    5	    5	   -1	   -4	   -2	    0	    7	    2	   -1	   -2	   -2	    4	   -6	    1	   -2	    5	   -1	    3	   -6	    7	   -5	    3	    2	   -2	    3	   -6	    2	    3	
  -10	    8	   14	   10	    7	  -12	    4	   -9	   11	   -8	   -4	    7	   -6	    5	  -16	   -9	  -13	   -2	    5	    2	    5	   17	    7	    4	    2	   -1	   -4	   -4	    0	   -4	   -7	   -1	   -4	   -4	    2	   -2	    5	   -3	    5	    4	   -1	   -3	   -3	   -1	    6	    1	   -1	   -3	   -3	    4	   -5	    1	   -2	    4	    0	    3	   -7	    6	   -5	    2	    1	   -2	    3	   -6	    3	    3	
   -9	    9	   15	   11	    7	  -11	    4	   -8	   10	   -7	   -4	    8	   -6	    4	  -15	   -8	  -13	   -1	    5	    2	    5	   16	    7	    3	    2	    0	   -4	   -4	    0	   -4	   -8	   -1	   -3	   -4	    3	   -2	    6	   -4	    5	    4	   -1	   -4	   -3	    0	    6	    2	   -2	   -2	   -2	    4	   -6	    0	   -2	    4	    0	    4	   -6	    6	   -5	    3	    2	   -1	    3	   -5	    2	    3	
   -9	    8	   15	   10	    6	  -11	    4	   -9	   10	   -7	   -4	    7	   -6	    5	  -15	   -9	  -13	   -2	    5	    2	    5	   17	    7	    4	    3	   -1	   -4	   -4	    0	   -4	   -7	   -1	   -3	   -3	    3	   -2	    6	   -3	    5	    5	   -1	   -4	   -2	   -1	    6	    2	   -1	   -2	   -2	    4	   -5	    1	   -2	    5	   -1	    3	   -6	    6	   -4	    2	    1	   -2	    3	   -5	    2	    4	
   -9	    8	   14	   11	    6	  -11	    4	   -8	    9	   -7	   -4	    7	   -6	    5	  -16	   -8	  -12	   -1	    5	    2	    4	   16	    6	    3	    2	   -1	   -5	   -4	    0	   -4	   -7	   -1	   -3	   -4	    2	   -2	    5	   -3	    4	    4	   -1	   -4	   -3	   -1	    6	    1	   -1	   -2	   -2	    4	   -6	    1	   -3	    4	    0	    3	   -6	    6	   -5	    3	    2	   -2	    3	   -6	    2	    3	
   -9	    8	   14	   10	    7	  -11	    3	   -8	   10	   -7	   -4	    7	   -6	    4	  -15	   -8	  -13	   -1	    5	    2	    5	   15	    7	    4	    2	    0	   -4	   -3	    0	   -3	   -8	   -2	   -3	   -3	    3	   -2	    5	   -3	    5	    4	   -1	   -3	   -2	    0	    6	    2	   -1	   -2	   -2	    4	   -5	    1	   -2	    4	   -1	    4	   -6	    5	   -5	    2	    1	   -1	    3	   -5	    2	    3	
   -9	    8	   14	   10	    6	  -11	    4	   -9	   10	   -7	   -3	    7	   -5	    4	  -14	   -8	  -12	   -2	    5	    2	    5	   16	    6	    3	    3	   -1	   -4	   -4	    0	   -4	   -7	   -1	   -2	   -3	    2	   -2	    6	   -3	    4	    4	   -1	   -4	   -3	   -1	    6	    2	   -2	   -2	   -2	    3	   -6	    0	   -2	    4	    0	    3	   -6	    6	   -4	    3	    2	   -2	    3	   -5	    3	    3	
   -8	    8	   14	   10	    6	  -11	    4	   -8	    9	   -7	   -4	    7	   -6	    5	  -15	   -8	  -12	   -1	    5	    2	    4	   15	    7	    3	    2	    0	   -4	   -4	    0	   -4	   -7	   -1	   -3	   -4	    3	   -2	    5	   -2	    5	    4	   -2	   -4	   -2	    0	    6	    1	   -1	   -2	   -2	    4	   -5	    1	   -2	    4	    0	    3	   -6	    6	   -5	    2	    1	   -1	    3	   -5	    2	    3	
   -9	    8	   13	   10	    6	  -10	    4	   -8	   10	   -6	   -4	    7	   -6	    4	  -15	   -8	  -12	   -2	    4	    2	    5	   16	    6	    4	    2	   -1	   -4	   -3	   -1	   -4	   -7	   -1	   -3	   -3	    2	   -2	    5	   -3	    4	    4	   -1	   -3	   -3	   -1	    6	    2	   -1	   -2	   -2	    4	   -5	    1	   -2	    4	   -1	    3	   -6	    6	   -4	    2	    1	   -2	    3	   -5	    2	    3	
   -8	    8	   14	   10	    6	  -10	    3	   -8	    9	   -7	   -4	    7	   -5	    4	  -14	   -8	  -12	   -1	    5	    2	    5	   15	    6	    3	    2	   -1	   -4	   -4	    0	   -4	   -6	   -1	   -3	   -3	    3	   -2	    6	   -3	    5	    4	   -1	   -4	   -2	    0	    5	    2	   -1	   -2	   -2	    3	   -5	    0	   -2	    4	    0	    3	   -6	    5	   -5	    3	    2	   -1	    2	   -5	    2	    3	
   -9	    7	   13	    9	    6	  -11	    4	   -7	    9	   -7	   -3	    6	   -6	    4	  -14	   -8	  -11	   -1	    5	    2	    4	   15	    6	    3	    3	    0	   -3	   -3	    0	   -3	   -7	   -1	   -3	   -4	    2	   -2	    5	   -3	    4	    3	   -1	   -3	   -3	   -1	    6	    1	   -2	   -2	   -2	    4	   -5	    1	   -2	    4	    0	    3	   -6	    6	   -4	    2	    1	   -2	    3	   -5	    2	    3	
   -8	    8	   13	   10	    6	  -10	    4	   -8	    9	   -6	   -4	    7	   -5	    4	  -14	   -8	  -12	   -2	    4	    2	    5	   14	    6	    3	    2	   -1	   -4	   -4	    0	   -4	   -7	   -1	   -2	   -3	    2	   -1	    5	   -3	    4	    4	   -1	   -4	   -2	   -1	    6	    2	   -1	   -2	   -2	    3	   -6	    1	   -2	    4	   -1	    3	   -5	    5	   -4	    2	    1	   -1	    3	   -5	    2	    3	
   -8	    7	   13	    9	    5	  -10	    3	   -8	    9	   -6	   -3	    6	   -6	    4	  -14	   -7	  -11	   -1	    5	    2	    4	   15	    6	    3	    2	    0	   -4	   -3	    0	   -3	   -6	   -1	   -3	   -3	    3	   -2	    5	   -3	    4	    4	   -1	   -3	   -2	    0	    5	    1	   -1	   -2	   -2	    4	   -4	    0	   -2	    4	    0	    3	   -6	    5	   -5	    2	    2	   -1	    3	   -4	    2	    3	
   -8	    7	   13	   10	    6	  -10	    4	   -7	    9	   -7	   -4	    7	   -5	    4	  -13	   -8	  -11	   -1	    4	    2	    4	   14	    6	    3	    2	   -1	   -4	   -4	    0	   -4	   -7	   -1	   -3	   -3	    2	   -2	    5	   -2	    5	    4	   -1	   -4	   -3	   -1	    5	    2	   -1	   -2	   -2	    3	   -5	    1	   -2	    4	    0	    3	   -6	    6	   -4	    3	    1	   -2	    2	   -5	    2	    3	
   -8	    8	   13	    9	    6	  -10	    3	   -8	    8	   -6	   -3	    6	   -5	    4	  -14	   -7	  -11	   -1	    5	    1	    5	   14	    6	    4	    2	   -1	   -3	   -3	    0	   -3	   -6	   -1	   -2	   -3	    2	   -2	    5	   -3	    4	    3	   -1	   -3	   -2	    0	    6	    1	   -1	   -2	   -2	    3	   -5	    1	   -2	    4	   -1	    3	   -5	    5	   -4	    2	    1	   -1	    3	   -5	    2	    3	
   -8	    7	   13	    9	    5	   -9	    4	   -7	    9	   -6	   -4	    7	   -5	    4	  -13	   -8	  -11	   -2	    4	    2	    4	   14	    6	    3	    2	    0	   -4	   -3	    0	   -4	   -7	   -1	   -3	   -3	    3	   -2	    4	   -3	    4	    4	   -1	   -3	   -2	   -1	    5	    2	   -2	   -1	   -2	    4	   -5	    0	   -2	    4	    0	    3	   -6	    5	   -4	    2	    2	   -1	    3	   -4	    2	    3	
   -8	    7	   12	    9	    6	  -10	    3	   -7	    8	   -6	   -3	    6	   -5	    4	  -14	   -7	  -11	   -1	    5	    2	    4	   14	    6	    3	    2	   -1	   -4	   -4	    0	   -3	   -6	   -1	   -2	   -3	    2	   -2	    5	   -2	    4	    3	   -1	   -4	   -2	    0	    5	    1	   -1	   -2	   -2	    3	   -5	    1	   -2	    3	    0	    3	   -5	    5	   -4	    2	    1	   -2	    2	   -5	    1	    3	
   -7	    7	   12	    9	    5	   -9	    4	   -7	    9	   -6	   -3	    6	   -6	    4	  -13	   -7	  -11	   -1	    4	    2	    4	   14	    5	    3	    2	    0	   -3	   -3	    0	   -4	   -6	   -1	   -3	   -3	    2	   -1	    5	   -3	    4	    4	    0	   -3	   -3	   -1	    5	    2	   -1	   -2	   -2	    3	   -4	    1	   -2	    4	   -1	    2	   -5	    5	   -4	    2	    1	   -1	    3	   -5	    2	    3	
   -8	    7	   13	    9	    6	  -10	    3	   -8	    8	   -6	   -4	    6	   -5	    4	  -13	   -7	  -11	   -1	    4	    1	    5	   14	    6	    3	    2	   -1	   -4	   -3	   -1	   -3	   -6	   -1	   -2	   -3	    2	   -2	    5	   -2	    4	    3	   -1	   -3	   -2	   -1	    6	    1	   -1	   -2	   -2	    3	   -5	    0	   -2	    4	    0	    3	   -5	    5	   -4	    3	    1	   -1	    2	   -4	    2	    3	
   -8	    7	   12	    9	    5	   -9	    3	   -7	    8	   -6	   -3	    6	   -5	    4	  -13	   -7	  -10	   -1	    4	    2	    4	   13	    5	    2	    2	    0	   -3	   -3	    0	   -3	   -7	   -1	   -3	   -3	    3	   -2	    4	   -3	    4	    4	   -1	   -3	   -2	    0	    5	    1	   -1	   -2	   -1	    4	   -5	    1	   -1	    3	    0	    3	   -6	    5	   -4	    2	    2	   -2	    3	   -4	    2	    2	
   -7	    7	   12	    8	    5	   -9	    4	   -7	    9	   -6	   -3	    6	   -4	    3	  -12	   -7	  -11	   -2	    5	    2	    4	   13	    6	    3	    2	   -1	   -3	   -4	    0	   -4	   -6	   -1	   -2	   -3	    2	   -1	    5	   -2	    3	    3	   -1	   -4	   -2	   -1	    5	    2	   -1	   -1	   -2	    3	   -4	    0	   -2	    4	   -1	    2	   -5	    5	   -4	    2	    1	   -1	    2	   -5	    2	    3	
   -8	    6	   11	    9	    5	   -9	    3	   -7	    8	   -6	   -3	    6	   -5	    4	  -13	   -7	  -10	   -1	    4	    2	    4	   13	    5	    3	    2	   -1	   -4	   -3	    0	   -3	   -6	   -1	   -3	   -3	    2	   -2	    4	   -3	    4	    4	   -1	   -3	   -2	    0	    5	    1	   -1	   -2	   -2	    3	   -5	    1	   -2	    3	    0	    3	   -5	    5	   -4	    2	    1	   -1	    3	   -4	    2	    3	
