H1-O1 	H1-O2 	H1-O3 	H1-O4 	H2-O1 	H2-O2 	H2-O3 	H2-O4 	H3-O1 	H3-O2 	H3-O3 	H3-O4 	H4-O1 	H4-O2 	H4-O3 	H4-O4 	H5-O1 	H5-O2 	H5-O3 	H5-O4 	H6-O1 	H6-O2 	H6-O3 	H6-O4 	I1-H1 	I1-H2 	I1-H3 	I1-H4 	I1-H5 	I1-H6 	I2-H1 	I2-H2 	I2-H3 	I2-H4 	I2-H5 	I2-H6 	I3-H1 	I3-H2 	I3-H3 	I3-H4 	I3-H5 	I3-H6 	I4-H1 	I4-H2 	I4-H3 	I4-H4 	I4-H5 	I4-H6 	I5-H1 	I5-H2 	I5-H3 	I5-H4 	I5-H5 	I5-H6 	I6-H1 	I6-H2 	I6-H3 	I6-H4 	I6-H5 	I6-H6 	I7-H1 	I7-H2 	I7-H3 	I7-H4 	I7-H5 	I7-H6 	
-9273	11113	13962	 7966	 6703	-11162	 3135	-8567	 8324	-9491	-4807	11184	-6751	 5488	-15575	-9126	-13148	-1699	 4521	 1554	 9080	16136	 9944	 7425	 4076	 1955	-5604	-8660	 2431	-7437	-10721	  580	-1834	-4587	 3756	-3632	 7457	-7079	 3418	 4548	-2440	-2879	-3233	  289	10475	 4697	 -474	-2004	-1883	 6170	-8377	 1505	-1889	 8204	-2622	 3922	-3633	 7473	-8029	 1986	 2311	-1534	 -813	-4568	  -79	 1794	
-9280	11120	13974	 7974	 6708	-11171	 3139	-8574	 8332	-9497	-4810	11190	-6756	 5491	-15587	-9133	-13158	-1700	 4525	 1556	 9084	16149	 9949	 7428	 4077	 1954	-5608	-8663	 2431	-7440	-10726	  579	-1836	-4590	 3758	-3633	 7461	-7082	 3422	 4551	-2441	-2882	-3235	  289	10479	 4698	 -475	-2006	-1885	 6173	-8382	 1505	-1891	 8207	-2623	 3924	-3638	 7477	-8032	 1988	 2313	-1535	 -811	-4573	  -77	 1796	
-9287	11126	13985	 7982	 6713	-11180	 3142	-8581	 8339	-9502	-4813	11196	-6761	 5495	-15599	-9140	-13169	-1701	 4529	 1558	 9088	16162	 9954	 7431	 4079	 1954	-5611	-8666	 2431	-7444	-10732	  578	-1839	-4593	 3760	-3635	 7466	-7084	 3425	 4555	-2442	-2885	-3237	  288	10484	 4699	 -476	-2007	-1886	 6176	-8386	 1506	-1892	 8211	-2623	 3927	-3643	 7482	-8036	 1990	 2314	-1536	 -808	-4577	  -75	 1799	
-9294	11133	13997	 7991	 6718	-11189	 3145	-8588	 8347	-9508	-4816	11202	-6765	 5499	-15611	-9146	-13178	-1702	 4533	 1559	 9092	16175	 9960	 7433	 4081	 1953	-5614	-8669	 2431	-7447	-10738	  578	-1841	-4596	 3762	-3637	 7470	-7086	 3429	 4558	-2443	-2888	-3240	  288	10489	 4701	 -477	-2009	-1888	 6179	-8390	 1506	-1894	 8214	-2623	 3929	-3648	 7487	-8040	 1992	 2315	-1538	 -806	-4581	  -73	 1802	
-9301	11139	14008	 7999	 6723	-11197	 3148	-8594	 8355	-9513	-4819	11207	-6770	 5502	-15623	-9153	-13188	-1703	 4537	 1561	 9096	16187	 9965	 7436	 4083	 1953	-5617	-8672	 2431	-7450	-10744	  577	-1843	-4598	 3764	-3638	 7474	-7089	 3433	 4561	-2444	-2891	-3242	  287	10494	 4702	 -479	-2011	-1890	 6182	-8394	 1507	-1896	 8218	-2623	 3932	-3653	 7491	-8043	 1994	 2316	-1539	 -804	-4585	  -72	 1804	
-9308	11145	14019	 8007	 6727	-11206	 3151	-8601	 8362	-9519	-4822	11213	-6774	 5506	-15635	-9160	-13198	-1704	 4541	 1563	 9099	16200	 9970	 7439	 4085	 1952	-5620	-8675	 2431	-7453	-10749	  576	-1846	-4601	 3766	-3640	 7479	-7091	 3436	 4564	-2444	-2894	-3244	  286	10498	 4703	 -480	-2012	-1891	 6185	-8399	 1507	-1897	 8221	-2624	 3934	-3658	 7496	-8047	 1996	 2317	-1540	 -801	-4589	  -70	 1807	
-9315	11152	14030	 8015	 6732	-11214	 3154	-8607	 8370	-9524	-4825	11218	-6779	 5509	-15647	-9166	-13208	-1705	 4545	 1564	 9103	16212	 9975	 7442	 4087	 1952	-5624	-8678	 2431	-7456	-10755	  575	-1848	-4604	 3768	-3642	 7483	-7093	 3440	 4567	-2445	-2897	-3246	  286	10503	 4705	 -481	-2014	-1893	 6188	-8403	 1508	-1899	 8224	-2624	 3937	-3662	 7500	-8051	 1998	 2318	-1541	 -799	-4593	  -68	 1810	
-9322	11158	14041	 8023	 6737	-11223	 3157	-8614	 8377	-9530	-4828	11224	-6784	 5512	-15659	-9173	-13217	-1706	 4549	 1566	 9107	16224	 9980	 7444	 4088	 1951	-5627	-8681	 2430	-7459	-10761	  574	-1850	-4606	 3770	-3643	 7487	-7095	 3443	 4570	-2446	-2900	-3248	  285	10508	 4706	 -482	-2016	-1895	 6190	-8407	 1508	-1901	 8227	-2624	 3939	-3667	 7505	-8054	 2000	 2319	-1542	 -797	-4597	  -67	 1812	
-9329	11164	14052	 8031	 6742	-11231	 3160	-8620	 8385	-9535	-4831	11229	-6788	 5516	-15670	-9179	-13227	-1707	 4552	 1567	 9111	16236	 9985	 7447	 4090	 1951	-5630	-8684	 2430	-7462	-10766	  573	-1852	-4609	 3772	-3645	 7491	-7098	 3447	 4573	-2447	-2903	-3249	  285	10512	 4707	 -483	-2017	-1896	 6193	-8411	 1509	-1902	 8231	-2625	 3941	-3672	 7509	-8058	 2002	 2321	-1543	 -795	-4601	  -65	 1815	
-9336	11170	14062	 8038	 6747	-11239	 3163	-8626	 8392	-9540	-4834	11235	-6792	 5519	-15682	-9185	-13236	-1709	 4556	 1569	 9114	16248	 9990	 7449	 4092	 1950	-5633	-8687	 2430	-7465	-10771	  572	-1854	-4611	 3774	-3646	 7495	-7100	 3450	 4576	-2448	-2906	-3251	  284	10517	 4709	 -484	-2019	-1898	 6196	-8415	 1509	-1904	 8234	-2625	 3944	-3676	 7514	-8061	 2004	 2322	-1544	 -792	-4605	  -63	 1817	
-9342	11176	14073	 8046	 6751	-11247	 3166	-8632	 8399	-9546	-4837	11240	-6797	 5522	-15693	-9192	-13245	-1710	 4560	 1570	 9118	16260	 9995	 7452	 4094	 1949	-5636	-8689	 2430	-7468	-10777	  571	-1857	-4614	 3776	-3648	 7500	-7102	 3454	 4579	-2449	-2909	-3253	  284	10521	 4710	 -485	-2021	-1900	 6199	-8419	 1510	-1906	 8237	-2625	 3946	-3681	 7518	-8065	 2005	 2323	-1545	 -790	-4609	  -62	 1820	
-9349	11182	14084	 8054	 6756	-11256	 3169	-8639	 8407	-9551	-4839	11246	-6801	 5526	-15704	-9198	-13254	-1711	 4564	 1572	 9122	16272	10000	 7455	 4095	 1949	-5639	-8692	 2430	-7471	-10782	  570	-1859	-4616	 3778	-3649	 7504	-7104	 3457	 4582	-2449	-2912	-3255	  283	10525	 4711	 -486	-2022	-1901	 6201	-8423	 1510	-1907	 8240	-2625	 3948	-3686	 7522	-8068	 2007	 2324	-1546	 -788	-4612	  -60	 1822	
-9356	11188	14094	 8061	 6760	-11264	 3172	-8645	 8414	-9556	-4842	11251	-6805	 5529	-15716	-9204	-13264	-1711	 4567	 1573	 9125	16283	10005	 7457	 4097	 1948	-5642	-8695	 2430	-7474	-10787	  569	-1861	-4619	 3780	-3651	 7508	-7106	 3460	 4585	-2450	-2915	-3257	  283	10530	 4712	 -486	-2024	-1903	 6204	-8427	 1511	-1909	 8243	-2626	 3951	-3690	 7526	-8072	 2009	 2325	-1547	 -786	-4616	  -58	 1825	
-9362	11194	14104	 8069	 6765	-11272	 3175	-8651	 8421	-9561	-4845	11256	-6810	 5532	-15727	-9210	-13273	-1712	 4571	 1575	 9129	16295	10009	 7460	 4099	 1948	-5645	-8698	 2430	-7477	-10793	  568	-1863	-4621	 3781	-3652	 7512	-7108	 3464	 4588	-2451	-2918	-3259	  282	10534	 4714	 -487	-2025	-1904	 6207	-8431	 1511	-1910	 8247	-2626	 3953	-3695	 7531	-8075	 2011	 2326	-1548	 -784	-4620	  -57	 1827	
-9368	11200	14115	 8076	 6769	-11279	 3178	-8657	 8428	-9566	-4848	11261	-6814	 5535	-15738	-9216	-13282	-1713	 4575	 1576	 9132	16306	10014	 7462	 4100	 1947	-5648	-8700	 2430	-7479	-10798	  567	-1865	-4624	 3783	-3654	 7516	-7111	 3467	 4591	-2452	-2921	-3261	  282	10538	 4715	 -488	-2027	-1906	 6209	-8435	 1512	-1912	 8250	-2626	 3955	-3699	 7535	-8078	 2013	 2327	-1549	 -782	-4624	  -55	 1830	
-9375	11205	14125	 8084	 6774	-11287	 3181	-8663	 8435	-9571	-4851	11266	-6818	 5539	-15748	-9222	-13290	-1714	 4578	 1578	 9136	16317	10019	 7465	 4102	 1947	-5650	-8703	 2430	-7482	-10803	  567	-1867	-4626	 3785	-3655	 7519	-7113	 3470	 4594	-2453	-2923	-3263	  281	10543	 4716	 -489	-2028	-1908	 6212	-8439	 1512	-1914	 8253	-2627	 3957	-3703	 7539	-8082	 2015	 2328	-1550	 -779	-4627	  -54	 1832	
-9381	11211	14135	 8091	 6778	-11295	 3184	-8669	 8441	-9576	-4853	11272	-6822	 5542	-15759	-9228	-13299	-1715	 4582	 1579	 9139	16329	10023	 7467	 4103	 1946	-5653	-8706	 2430	-7485	-10808	  566	-1869	-4629	 3787	-3657	 7523	-7115	 3474	 4597	-2453	-2926	-3264	  280	10547	 4717	 -490	-2030	-1909	 6215	-8442	 1513	-1915	 8256	-2627	 3960	-3708	 7543	-8085	 2016	 2329	-1551	 -777	-4631	  -52	 1835	
-9387	11217	14145	 8098	 6782	-11303	 3187	-8674	 8448	-9581	-4856	11277	-6826	 5545	-15770	-9234	-13308	-1716	 4585	 1581	 9143	16340	10028	 7470	 4105	 1946	-5656	-8709	 2430	-7488	-10813	  565	-1871	-4631	 3789	-3658	 7527	-7117	 3477	 4599	-2454	-2929	-3266	  280	10551	 4718	 -491	-2031	-1911	 6217	-8446	 1513	-1917	 8259	-2627	 3962	-3712	 7547	-8088	 2018	 2330	-1552	 -775	-4634	  -51	 1837	
-9394	11222	14155	 8106	 6787	-11310	 3189	-8680	 8455	-9586	-4859	11282	-6830	 5548	-15781	-9240	-13317	-1717	 4589	 1582	 9146	16351	10033	 7472	 4107	 1945	-5659	-8711	 2429	-7491	-10818	  564	-1873	-4633	 3790	-3660	 7531	-7119	 3480	 4602	-2455	-2932	-3268	  279	10555	 4720	 -492	-2033	-1912	 6220	-8450	 1514	-1918	 8262	-2627	 3964	-3716	 7551	-8091	 2020	 2331	-1553	 -773	-4638	  -49	 1839	
-9400	11228	14165	 8113	 6791	-11318	 3192	-8686	 8462	-9591	-4861	11287	-6834	 5551	-15791	-9246	-13325	-1718	 4592	 1584	 9150	16361	10037	 7474	 4108	 1945	-5662	-8714	 2429	-7493	-10823	  563	-1875	-4636	 3792	-3661	 7535	-7121	 3483	 4605	-2456	-2934	-3270	  279	10559	 4721	 -493	-2034	-1914	 6222	-8454	 1514	-1920	 8265	-2628	 3966	-3721	 7555	-8094	 2022	 2332	-1553	 -771	-4641	  -48	 1842	
-9406	11233	14174	 8120	 6795	-11325	 3195	-8692	 8468	-9596	-4864	11292	-6838	 5554	-15802	-9251	-13334	-1719	 4596	 1585	 9153	16372	10042	 7477	 4110	 1944	-5664	-8716	 2429	-7496	-10828	  562	-1877	-4638	 3794	-3662	 7539	-7123	 3486	 4608	-2456	-2937	-3272	  278	10563	 4722	 -494	-2036	-1915	 6225	-8457	 1514	-1921	 8268	-2628	 3968	-3725	 7559	-8098	 2023	 2333	-1554	 -769	-4645	  -46	 1844	
-9412	11239	14184	 8127	 6799	-11333	 3198	-8697	 8475	-9600	-4866	11296	-6842	 5557	-15812	-9257	-13342	-1720	 4599	 1587	 9157	16383	10046	 7479	 4111	 1944	-5667	-8719	 2429	-7499	-10833	  561	-1879	-4640	 3796	-3664	 7542	-7125	 3489	 4610	-2457	-2940	-3273	  278	10567	 4723	 -495	-2037	-1917	 6227	-8461	 1515	-1923	 8271	-2628	 3970	-3729	 7563	-8101	 2025	 2334	-1555	 -767	-4648	  -45	 1846	
-9418	11244	14194	 8134	 6804	-11340	 3200	-8703	 8481	-9605	-4869	11301	-6846	 5560	-15822	-9263	-13350	-1721	 4603	 1588	 9160	16394	10051	 7482	 4113	 1943	-5670	-8722	 2429	-7501	-10838	  560	-1881	-4643	 3797	-3665	 7546	-7127	 3492	 4613	-2458	-2942	-3275	  277	10571	 4724	 -496	-2039	-1918	 6230	-8465	 1515	-1924	 8273	-2628	 3972	-3733	 7567	-8104	 2027	 2335	-1556	 -765	-4652	  -43	 1849	
-9424	11250	14203	 8141	 6808	-11347	 3203	-8708	 8488	-9610	-4872	11306	-6850	 5563	-15832	-9268	-13359	-1722	 4606	 1589	 9163	16404	10055	 7484	 4114	 1943	-5673	-8724	 2429	-7504	-10843	  560	-1883	-4645	 3799	-3667	 7550	-7129	 3495	 4616	-2458	-2945	-3277	  277	10575	 4725	 -497	-2040	-1920	 6232	-8468	 1516	-1926	 8276	-2629	 3974	-3737	 7571	-8107	 2028	 2336	-1557	 -763	-4655	  -42	 1851	
-9430	11255	14213	 8148	 6812	-11354	 3206	-8714	 8494	-9614	-4874	11311	-6854	 5566	-15843	-9274	-13367	-1722	 4609	 1591	 9167	16415	10059	 7486	 4116	 1942	-5675	-8727	 2429	-7507	-10848	  559	-1884	-4647	 3801	-3668	 7553	-7130	 3498	 4618	-2459	-2948	-3279	  276	10579	 4726	 -497	-2042	-1921	 6235	-8472	 1516	-1927	 8279	-2629	 3976	-3741	 7574	-8110	 2030	 2337	-1558	 -761	-4659	  -40	 1853	
-9436	11260	14222	 8154	 6816	-11362	 3208	-8719	 8501	-9619	-4877	11316	-6857	 5569	-15853	-9280	-13375	-1723	 4613	 1592	 9170	16425	10064	 7488	 4117	 1942	-5678	-8729	 2429	-7509	-10852	  558	-1886	-4649	 3802	-3669	 7557	-7132	 3501	 4621	-2460	-2950	-3280	  276	10583	 4728	 -498	-2043	-1923	 6237	-8475	 1517	-1928	 8282	-2629	 3978	-3746	 7578	-8113	 2032	 2338	-1559	 -760	-4662	  -39	 1856	
-9441	11266	14231	 8161	 6820	-11369	 3211	-8725	 8507	-9623	-4879	11320	-6861	 5572	-15862	-9285	-13383	-1724	 4616	 1594	 9173	16435	10068	 7491	 4119	 1941	-5680	-8732	 2429	-7512	-10857	  557	-1888	-4651	 3804	-3671	 7560	-7134	 3504	 4623	-2461	-2953	-3282	  275	10587	 4729	 -499	-2044	-1924	 6239	-8479	 1517	-1930	 8285	-2629	 3980	-3750	 7582	-8116	 2033	 2339	-1559	 -758	-4665	  -37	 1858	
-9447	11271	14240	 8168	 6824	-11376	 3214	-8730	 8513	-9628	-4882	11325	-6865	 5575	-15872	-9290	-13391	-1725	 4619	 1595	 9176	16445	10072	 7493	 4120	 1941	-5683	-8734	 2429	-7514	-10862	  556	-1890	-4654	 3806	-3672	 7564	-7136	 3507	 4626	-2461	-2956	-3284	  275	10591	 4730	 -500	-2046	-1925	 6242	-8482	 1517	-1931	 8287	-2630	 3982	-3754	 7586	-8119	 2035	 2340	-1560	 -756	-4669	  -36	 1860	
-9453	11276	14249	 8175	 6828	-11383	 3216	-8736	 8519	-9633	-4884	11330	-6869	 5577	-15882	-9296	-13399	-1726	 4622	 1596	 9179	16455	10076	 7495	 4122	 1940	-5686	-8736	 2429	-7517	-10866	  555	-1892	-4656	 3807	-3673	 7567	-7138	 3510	 4628	-2462	-2958	-3285	  274	10595	 4731	 -501	-2047	-1927	 6244	-8486	 1518	-1933	 8290	-2630	 3984	-3757	 7589	-8122	 2037	 2341	-1561	 -754	-4672	  -35	 1862	
-9459	11281	14259	 8181	 6832	-11390	 3219	-8741	 8525	-9637	-4886	11334	-6872	 5580	-15892	-9301	-13407	-1727	 4626	 1598	 9183	16465	10080	 7497	 4123	 1940	-5688	-8739	 2428	-7519	-10871	  555	-1894	-4658	 3809	-3675	 7571	-7140	 3513	 4631	-2463	-2961	-3287	  274	10599	 4732	 -502	-2049	-1928	 6246	-8489	 1518	-1934	 8293	-2630	 3986	-3761	 7593	-8125	 2038	 2342	-1562	 -752	-4675	  -33	 1865	
-9464	11286	14267	 8188	 6835	-11396	 3221	-8746	 8532	-9641	-4889	11339	-6876	 5583	-15902	-9307	-13415	-1727	 4629	 1599	 9186	16475	10085	 7500	 4125	 1939	-5691	-8741	 2428	-7522	-10875	  554	-1895	-4660	 3810	-3676	 7574	-7142	 3516	 4633	-2463	-2963	-3288	  273	10602	 4733	 -503	-2050	-1930	 6249	-8492	 1519	-1935	 8296	-2630	 3988	-3765	 7597	-8128	 2040	 2343	-1562	 -750	-4678	  -32	 1867	
-9470	11291	14276	 8194	 6839	-11403	 3224	-8751	 8538	-9646	-4891	11343	-6880	 5586	-15911	-9312	-13423	-1728	 4632	 1600	 9189	16485	10089	 7502	 4126	 1939	-5693	-8744	 2428	-7524	-10880	  553	-1897	-4662	 3812	-3677	 7578	-7143	 3519	 4636	-2464	-2966	-3290	  273	10606	 4734	 -503	-2051	-1931	 6251	-8496	 1519	-1937	 8298	-2631	 3990	-3769	 7600	-8131	 2041	 2344	-1563	 -748	-4681	  -30	 1869	
-9475	11296	14285	 8201	 6843	-11410	 3226	-8757	 8544	-9650	-4894	11348	-6883	 5589	-15921	-9317	-13430	-1729	 4635	 1602	 9192	16495	10093	 7504	 4128	 1938	-5696	-8746	 2428	-7527	-10884	  552	-1899	-4664	 3814	-3678	 7581	-7145	 3521	 4638	-2465	-2968	-3292	  272	10610	 4735	 -504	-2053	-1932	 6253	-8499	 1519	-1938	 8301	-2631	 3992	-3773	 7604	-8133	 2043	 2345	-1564	 -746	-4685	  -29	 1871	
-9481	11301	14294	 8207	 6847	-11417	 3229	-8762	 8550	-9655	-4896	11352	-6887	 5591	-15930	-9322	-13438	-1730	 4638	 1603	 9195	16505	10097	 7506	 4129	 1938	-5698	-8748	 2428	-7529	-10889	  551	-1901	-4666	 3815	-3680	 7585	-7147	 3524	 4641	-2465	-2971	-3293	  272	10613	 4736	 -505	-2054	-1934	 6255	-8502	 1520	-1940	 8304	-2631	 3994	-3777	 7607	-8136	 2045	 2346	-1565	 -745	-4688	  -28	 1873	
-9486	11306	14303	 8213	 6851	-11423	 3231	-8767	 8555	-9659	-4898	11357	-6890	 5594	-15939	-9328	-13445	-1731	 4641	 1604	 9198	16514	10101	 7508	 4130	 1938	-5701	-8751	 2428	-7532	-10893	  550	-1902	-4668	 3817	-3681	 7588	-7149	 3527	 4643	-2466	-2973	-3295	  271	10617	 4737	 -506	-2055	-1935	 6257	-8505	 1520	-1941	 8306	-2631	 3996	-3781	 7611	-8139	 2046	 2347	-1565	 -743	-4691	  -26	 1875	
-9492	11311	14311	 8220	 6854	-11430	 3234	-8772	 8561	-9663	-4901	11361	-6894	 5597	-15949	-9333	-13453	-1731	 4644	 1605	 9201	16524	10105	 7511	 4132	 1937	-5703	-8753	 2428	-7534	-10898	  550	-1904	-4670	 3818	-3682	 7591	-7150	 3530	 4646	-2467	-2975	-3296	  271	10621	 4738	 -507	-2057	-1936	 6260	-8509	 1520	-1942	 8309	-2632	 3997	-3784	 7614	-8142	 2048	 2348	-1566	 -741	-4694	  -25	 1878	
-9497	11316	14320	 8226	 6858	-11437	 3236	-8777	 8567	-9667	-4903	11366	-6897	 5599	-15958	-9338	-13460	-1732	 4648	 1607	 9204	16533	10109	 7513	 4133	 1937	-5705	-8755	 2428	-7537	-10902	  549	-1906	-4672	 3820	-3683	 7595	-7152	 3532	 4648	-2467	-2978	-3298	  270	10624	 4739	 -507	-2058	-1938	 6262	-8512	 1521	-1944	 8312	-2632	 3999	-3788	 7618	-8145	 2049	 2348	-1567	 -739	-4697	  -24	 1880	
-9502	11320	14328	 8232	 6862	-11443	 3239	-8782	 8573	-9671	-4905	11370	-6901	 5602	-15967	-9343	-13468	-1733	 4651	 1608	 9207	16543	10113	 7515	 4134	 1936	-5708	-8758	 2428	-7539	-10906	  548	-1907	-4674	 3821	-3685	 7598	-7154	 3535	 4650	-2468	-2980	-3300	  270	10628	 4740	 -508	-2059	-1939	 6264	-8515	 1521	-1945	 8314	-2632	 4001	-3792	 7621	-8147	 2051	 2349	-1568	 -738	-4700	  -22	 1882	
-9508	11325	14337	 8238	 6865	-11450	 3241	-8787	 8579	-9676	-4907	11374	-6904	 5605	-15976	-9348	-13475	-1734	 4654	 1609	 9210	16552	10117	 7517	 4136	 1936	-5710	-8760	 2428	-7541	-10911	  547	-1909	-4676	 3823	-3686	 7601	-7155	 3538	 4653	-2469	-2983	-3301	  269	10631	 4741	 -509	-2061	-1940	 6266	-8518	 1522	-1946	 8317	-2632	 4003	-3796	 7625	-8150	 2052	 2350	-1568	 -736	-4703	  -21	 1884	
-9513	11330	14345	 8244	 6869	-11456	 3244	-8792	 8584	-9680	-4910	11379	-6907	 5607	-15985	-9353	-13483	-1734	 4657	 1611	 9213	16562	10120	 7519	 4137	 1935	-5712	-8762	 2428	-7544	-10915	  546	-1911	-4678	 3824	-3687	 7604	-7157	 3540	 4655	-2469	-2985	-3303	  269	10635	 4742	 -510	-2062	-1942	 6268	-8521	 1522	-1947	 8319	-2632	 4004	-3799	 7628	-8153	 2054	 2351	-1569	 -734	-4706	  -20	 1886	
-9518	11335	14354	 8250	 6873	-11462	 3246	-8797	 8590	-9684	-4912	11383	-6911	 5610	-15994	-9358	-13490	-1735	 4660	 1612	 9216	16571	10124	 7521	 4138	 1935	-5715	-8764	 2428	-7546	-10919	  546	-1912	-4680	 3826	-3688	 7608	-7159	 3543	 4657	-2470	-2987	-3304	  268	10638	 4743	 -511	-2063	-1943	 6270	-8524	 1522	-1949	 8322	-2633	 4006	-3803	 7631	-8156	 2055	 2352	-1570	 -732	-4709	  -19	 1888	
-9523	11339	14362	 8257	 6876	-11469	 3248	-8801	 8596	-9688	-4914	11387	-6914	 5613	-16003	-9363	-13497	-1736	 4663	 1613	 9219	16580	10128	 7523	 4140	 1934	-5717	-8767	 2428	-7548	-10923	  545	-1914	-4682	 3827	-3690	 7611	-7160	 3546	 4659	-2471	-2990	-3306	  268	10642	 4744	 -511	-2064	-1944	 6272	-8528	 1523	-1950	 8324	-2633	 4008	-3806	 7635	-8158	 2057	 2353	-1570	 -731	-4712	  -17	 1890	
-9528	11344	14370	 8263	 6880	-11475	 3251	-8806	 8601	-9692	-4916	11391	-6917	 5615	-16012	-9368	-13504	-1737	 4665	 1614	 9222	16589	10132	 7525	 4141	 1934	-5719	-8769	 2427	-7551	-10927	  544	-1916	-4684	 3829	-3691	 7614	-7162	 3548	 4662	-2471	-2992	-3307	  267	10645	 4745	 -512	-2066	-1946	 6274	-8531	 1523	-1951	 8327	-2633	 4010	-3810	 7638	-8161	 2058	 2354	-1571	 -729	-4715	  -16	 1892	
-9534	11349	14378	 8268	 6883	-11481	 3253	-8811	 8607	-9696	-4918	11395	-6921	 5618	-16021	-9373	-13511	-1737	 4668	 1615	 9225	16598	10136	 7527	 4142	 1933	-5722	-8771	 2427	-7553	-10932	  543	-1917	-4686	 3830	-3692	 7617	-7164	 3551	 4664	-2472	-2994	-3309	  267	10649	 4746	 -513	-2067	-1947	 6277	-8534	 1523	-1953	 8329	-2633	 4011	-3814	 7641	-8164	 2060	 2355	-1572	 -727	-4717	  -15	 1894	
-9539	11353	14386	 8274	 6887	-11487	 3255	-8816	 8612	-9700	-4921	11400	-6924	 5620	-16030	-9377	-13518	-1738	 4671	 1617	 9228	16607	10139	 7529	 4144	 1933	-5724	-8773	 2427	-7555	-10936	  543	-1919	-4688	 3832	-3693	 7620	-7165	 3553	 4666	-2472	-2997	-3310	  266	10652	 4747	 -514	-2068	-1948	 6279	-8537	 1524	-1954	 8332	-2634	 4013	-3817	 7645	-8166	 2061	 2355	-1572	 -726	-4720	  -13	 1896	
-9544	11358	14395	 8280	 6890	-11494	 3258	-8821	 8618	-9704	-4923	11404	-6927	 5623	-16038	-9382	-13525	-1739	 4674	 1618	 9231	16616	10143	 7531	 4145	 1932	-5726	-8775	 2427	-7557	-10940	  542	-1920	-4690	 3833	-3694	 7623	-7167	 3556	 4668	-2473	-2999	-3312	  266	10655	 4748	 -514	-2069	-1949	 6281	-8540	 1524	-1955	 8334	-2634	 4015	-3821	 7648	-8169	 2062	 2356	-1573	 -724	-4723	  -12	 1898	
-9549	11362	14402	 8286	 6893	-11500	 3260	-8825	 8623	-9708	-4925	11408	-6931	 5625	-16047	-9387	-13532	-1740	 4677	 1619	 9233	16625	10147	 7533	 4146	 1932	-5728	-8778	 2427	-7560	-10944	  541	-1922	-4691	 3834	-3696	 7627	-7169	 3558	 4670	-2474	-3001	-3313	  265	10659	 4749	 -515	-2071	-1951	 6283	-8543	 1524	-1956	 8337	-2634	 4016	-3824	 7651	-8171	 2064	 2357	-1573	 -722	-4726	  -11	 1900	
-9554	11367	14410	 8292	 6897	-11506	 3262	-8830	 8628	-9712	-4927	11412	-6934	 5628	-16055	-9392	-13539	-1740	 4680	 1620	 9236	16633	10150	 7535	 4148	 1932	-5730	-8780	 2427	-7562	-10948	  540	-1923	-4693	 3836	-3697	 7630	-7170	 3561	 4673	-2474	-3004	-3314	  265	10662	 4750	 -516	-2072	-1952	 6285	-8546	 1525	-1957	 8339	-2634	 4018	-3827	 7654	-8174	 2065	 2358	-1574	 -721	-4729	  -10	 1902	
-9559	11371	14418	 8298	 6900	-11512	 3265	-8834	 8634	-9716	-4929	11416	-6937	 5630	-16064	-9396	-13546	-1741	 4683	 1621	 9239	16642	10154	 7537	 4149	 1931	-5733	-8782	 2427	-7564	-10952	  539	-1925	-4695	 3837	-3698	 7633	-7172	 3563	 4675	-2475	-3006	-3316	  264	10665	 4751	 -517	-2073	-1953	 6287	-8549	 1525	-1959	 8341	-2634	 4020	-3831	 7657	-8176	 2067	 2359	-1575	 -719	-4732	   -9	 1904	
-9564	11375	14426	 8303	 6903	-11518	 3267	-8839	 8639	-9720	-4931	11420	-6940	 5633	-16072	-9401	-13553	-1742	 4685	 1623	 9242	16651	10158	 7539	 4150	 1931	-5735	-8784	 2427	-7566	-10956	  539	-1927	-4697	 3839	-3699	 7636	-7173	 3566	 4677	-2475	-3008	-3317	  264	10669	 4752	 -517	-2074	-1954	 6289	-8551	 1525	-1960	 8344	-2635	 4021	-3834	 7661	-8179	 2068	 2360	-1575	 -718	-4734	   -7	 1906	
-9568	11380	14434	 8309	 6907	-11524	 3269	-8844	 8644	-9723	-4933	11424	-6943	 5635	-16081	-9406	-13560	-1742	 4688	 1624	 9245	16659	10161	 7541	 4151	 1930	-5737	-8786	 2427	-7569	-10960	  538	-1928	-4699	 3840	-3700	 7639	-7175	 3568	 4679	-2476	-3010	-3319	  263	10672	 4753	 -518	-2075	-1956	 6290	-8554	 1526	-1961	 8346	-2635	 4023	-3838	 7664	-8181	 2070	 2360	-1576	 -716	-4737	   -6	 1908	
-9573	11384	14442	 8315	 6910	-11530	 3271	-8848	 8649	-9727	-4935	11428	-6946	 5637	-16089	-9410	-13566	-1743	 4691	 1625	 9247	16668	10165	 7543	 4152	 1930	-5739	-8788	 2427	-7571	-10964	  537	-1930	-4701	 3841	-3701	 7642	-7176	 3571	 4681	-2477	-3013	-3320	  263	10675	 4754	 -519	-2077	-1957	 6292	-8557	 1526	-1962	 8349	-2635	 4025	-3841	 7667	-8184	 2071	 2361	-1576	 -714	-4740	   -5	 1910	
-9578	11388	14449	 8320	 6913	-11535	 3274	-8853	 8655	-9731	-4937	11432	-6949	 5640	-16097	-9415	-13573	-1744	 4694	 1626	 9250	16676	10168	 7545	 4154	 1929	-5741	-8790	 2427	-7573	-10968	  536	-1931	-4702	 3843	-3702	 7645	-7178	 3573	 4683	-2477	-3015	-3321	  262	10678	 4755	 -520	-2078	-1958	 6294	-8560	 1526	-1963	 8351	-2635	 4026	-3844	 7670	-8186	 2072	 2362	-1577	 -713	-4742	   -4	 1912	
-9583	11393	14457	 8326	 6917	-11541	 3276	-8857	 8660	-9735	-4939	11436	-6952	 5642	-16106	-9420	-13580	-1744	 4696	 1627	 9253	16685	10172	 7547	 4155	 1929	-5743	-8792	 2427	-7575	-10971	  536	-1933	-4704	 3844	-3703	 7648	-7179	 3576	 4685	-2478	-3017	-3323	  262	10681	 4756	 -520	-2079	-1959	 6296	-8563	 1526	-1965	 8353	-2635	 4028	-3848	 7673	-8189	 2074	 2363	-1578	 -711	-4745	   -3	 1914	
-9588	11397	14465	 8331	 6920	-11547	 3278	-8862	 8665	-9739	-4941	11439	-6955	 5644	-16114	-9424	-13586	-1745	 4699	 1628	 9255	16693	10175	 7549	 4156	 1928	-5745	-8794	 2426	-7577	-10975	  535	-1934	-4706	 3845	-3705	 7651	-7181	 3578	 4687	-2478	-3019	-3324	  261	10685	 4757	 -521	-2080	-1960	 6298	-8566	 1527	-1966	 8355	-2636	 4029	-3851	 7676	-8191	 2075	 2364	-1578	 -710	-4748	   -1	 1916	
-9592	11401	14472	 8337	 6923	-11553	 3280	-8866	 8670	-9742	-4943	11443	-6958	 5647	-16122	-9429	-13593	-1746	 4702	 1630	 9258	16701	10179	 7550	 4157	 1928	-5748	-8796	 2426	-7579	-10979	  534	-1935	-4708	 3847	-3706	 7653	-7182	 3580	 4689	-2479	-3021	-3326	  261	10688	 4758	 -522	-2081	-1962	 6300	-8569	 1527	-1967	 8358	-2636	 4031	-3854	 7679	-8194	 2076	 2364	-1579	 -708	-4750	   -0	 1917	
-9597	11405	14480	 8342	 6926	-11558	 3282	-8870	 8675	-9746	-4945	11447	-6961	 5649	-16130	-9433	-13599	-1746	 4705	 1631	 9261	16710	10182	 7552	 4159	 1928	-5750	-8798	 2426	-7581	-10983	  533	-1937	-4709	 3848	-3707	 7656	-7184	 3583	 4691	-2480	-3023	-3327	  260	10691	 4758	 -522	-2083	-1963	 6302	-8571	 1527	-1968	 8360	-2636	 4032	-3858	 7682	-8196	 2078	 2365	-1579	 -707	-4753	    1	 1919	
-9602	11410	14487	 8348	 6929	-11564	 3285	-8875	 8680	-9750	-4947	11451	-6964	 5651	-16138	-9437	-13606	-1747	 4707	 1632	 9263	16718	10186	 7554	 4160	 1927	-5752	-8800	 2426	-7583	-10987	  533	-1938	-4711	 3849	-3708	 7659	-7185	 3585	 4693	-2480	-3026	-3328	  260	10694	 4759	 -523	-2084	-1964	 6304	-8574	 1528	-1969	 8362	-2636	 4034	-3861	 7685	-8198	 2079	 2366	-1580	 -705	-4756	    2	 1921	
-9606	11414	14494	 8353	 6932	-11570	 3287	-8879	 8685	-9753	-4949	11455	-6967	 5654	-16146	-9442	-13612	-1748	 4710	 1633	 9266	16726	10189	 7556	 4161	 1927	-5754	-8802	 2426	-7585	-10990	  532	-1940	-4713	 3851	-3709	 7662	-7187	 3587	 4695	-2481	-3028	-3330	  260	10697	 4760	 -524	-2085	-1965	 6306	-8577	 1528	-1970	 8365	-2636	 4035	-3864	 7688	-8201	 2080	 2367	-1580	 -704	-4758	    3	 1923	
-9611	11418	14502	 8358	 6936	-11575	 3289	-8883	 8690	-9757	-4951	11459	-6970	 5656	-16154	-9446	-13618	-1748	 4712	 1634	 9269	16734	10192	 7558	 4162	 1926	-5756	-8804	 2426	-7588	-10994	  531	-1941	-4715	 3852	-3710	 7665	-7188	 3590	 4697	-2481	-3030	-3331	  259	10700	 4761	 -525	-2086	-1966	 6307	-8580	 1528	-1972	 8367	-2637	 4037	-3867	 7691	-8203	 2082	 2367	-1581	 -702	-4761	    4	 1925	
-9615	11422	14509	 8364	 6939	-11581	 3291	-8888	 8695	-9761	-4953	11462	-6973	 5658	-16162	-9451	-13625	-1749	 4715	 1635	 9271	16742	10196	 7560	 4163	 1926	-5758	-8806	 2426	-7590	-10998	  530	-1943	-4716	 3853	-3711	 7668	-7190	 3592	 4699	-2482	-3032	-3332	  259	10703	 4762	 -525	-2087	-1967	 6309	-8582	 1529	-1973	 8369	-2637	 4038	-3870	 7694	-8206	 2083	 2368	-1581	 -701	-4763	    5	 1927	
-9620	11426	14516	 8369	 6942	-11586	 3293	-8892	 8700	-9764	-4955	11466	-6976	 5661	-16170	-9455	-13631	-1749	 4718	 1636	 9274	16750	10199	 7561	 4164	 1925	-5760	-8808	 2426	-7592	-11002	  530	-1944	-4718	 3855	-3712	 7670	-7191	 3594	 4701	-2482	-3034	-3334	  258	10706	 4763	 -526	-2088	-1969	 6311	-8585	 1529	-1974	 8371	-2637	 4040	-3874	 7697	-8208	 2084	 2369	-1582	 -699	-4766	    7	 1929	
-9624	11430	14523	 8374	 6945	-11592	 3295	-8896	 8705	-9768	-4957	11470	-6979	 5663	-16177	-9459	-13637	-1750	 4720	 1637	 9276	16758	10202	 7563	 4165	 1925	-5762	-8810	 2426	-7594	-11005	  529	-1945	-4720	 3856	-3713	 7673	-7192	 3597	 4703	-2483	-3036	-3335	  258	10709	 4764	 -527	-2089	-1970	 6313	-8588	 1529	-1975	 8373	-2637	 4041	-3877	 7700	-8210	 2086	 2370	-1583	 -698	-4768	    8	 1930	
-9629	11434	14531	 8379	 6948	-11597	 3297	-8900	 8709	-9771	-4959	11473	-6982	 5665	-16185	-9464	-13643	-1751	 4723	 1638	 9279	16766	10206	 7565	 4167	 1925	-5764	-8812	 2426	-7596	-11009	  528	-1947	-4721	 3857	-3714	 7676	-7194	 3599	 4705	-2483	-3038	-3336	  257	10712	 4765	 -527	-2090	-1971	 6315	-8590	 1529	-1976	 8376	-2637	 4043	-3880	 7702	-8212	 2087	 2370	-1583	 -696	-4771	    9	 1932	
-9633	11438	14538	 8385	 6951	-11603	 3299	-8904	 8714	-9775	-4961	11477	-6985	 5667	-16193	-9468	-13650	-1751	 4725	 1640	 9282	16774	10209	 7567	 4168	 1924	-5766	-8814	 2426	-7598	-11012	  528	-1948	-4723	 3858	-3715	 7679	-7195	 3601	 4707	-2484	-3040	-3338	  257	10715	 4765	 -528	-2092	-1972	 6316	-8593	 1530	-1977	 8378	-2638	 4044	-3883	 7705	-8215	 2088	 2371	-1584	 -695	-4773	   10	 1934	
-9638	11442	14545	 8390	 6954	-11608	 3301	-8908	 8719	-9778	-4963	11481	-6988	 5669	-16201	-9472	-13656	-1752	 4728	 1641	 9284	16781	10212	 7569	 4169	 1924	-5768	-8816	 2426	-7600	-11016	  527	-1950	-4724	 3860	-3716	 7682	-7197	 3603	 4709	-2484	-3042	-3339	  256	10718	 4766	 -529	-2093	-1973	 6318	-8596	 1530	-1978	 8380	-2638	 4046	-3886	 7708	-8217	 2089	 2372	-1584	 -693	-4776	   11	 1936	
-9642	11446	14552	 8395	 6957	-11614	 3303	-8913	 8724	-9782	-4965	11484	-6990	 5672	-16208	-9476	-13662	-1752	 4730	 1642	 9287	16789	10215	 7570	 4170	 1923	-5769	-8818	 2426	-7602	-11020	  526	-1951	-4726	 3861	-3717	 7684	-7198	 3605	 4711	-2485	-3044	-3340	  256	10721	 4767	 -529	-2094	-1974	 6320	-8598	 1530	-1979	 8382	-2638	 4047	-3889	 7711	-8219	 2091	 2373	-1585	 -692	-4778	   12	 1938	
-9647	11450	14559	 8400	 6960	-11619	 3305	-8917	 8728	-9785	-4966	11488	-6993	 5674	-16216	-9480	-13668	-1753	 4733	 1643	 9289	16797	10219	 7572	 4171	 1923	-5771	-8820	 2426	-7604	-11023	  525	-1952	-4728	 3862	-3718	 7687	-7199	 3608	 4713	-2486	-3046	-3341	  255	10724	 4768	 -530	-2095	-1975	 6322	-8601	 1530	-1980	 8384	-2638	 4049	-3892	 7714	-8222	 2092	 2373	-1585	 -690	-4780	   13	 1939	
-9651	11454	14566	 8405	 6963	-11624	 3307	-8921	 8733	-9788	-4968	11491	-6996	 5676	-16223	-9485	-13674	-1754	 4735	 1644	 9292	16804	10222	 7574	 4172	 1923	-5773	-8822	 2425	-7606	-11027	  525	-1954	-4729	 3863	-3719	 7690	-7201	 3610	 4715	-2486	-3048	-3343	  255	10727	 4769	 -531	-2096	-1976	 6323	-8603	 1531	-1981	 8386	-2638	 4050	-3895	 7716	-8224	 2093	 2374	-1586	 -689	-4783	   14	 1941	
-9655	11458	14573	 8410	 6965	-11629	 3309	-8925	 8738	-9792	-4970	11495	-6999	 5678	-16231	-9489	-13680	-1754	 4738	 1645	 9294	16812	10225	 7576	 4173	 1922	-5775	-8823	 2425	-7607	-11030	  524	-1955	-4731	 3865	-3720	 7692	-7202	 3612	 4716	-2487	-3050	-3344	  254	10730	 4770	 -531	-2097	-1977	 6325	-8606	 1531	-1982	 8388	-2638	 4051	-3898	 7719	-8226	 2094	 2375	-1586	 -687	-4785	   15	 1943	
-9660	11461	14580	 8415	 6968	-11635	 3311	-8929	 8742	-9795	-4972	11498	-7001	 5680	-16238	-9493	-13686	-1755	 4740	 1646	 9296	16820	10228	 7577	 4174	 1922	-5777	-8825	 2425	-7609	-11034	  523	-1956	-4732	 3866	-3721	 7695	-7203	 3614	 4718	-2487	-3052	-3345	  254	10732	 4770	 -532	-2098	-1979	 6327	-8608	 1531	-1984	 8391	-2639	 4053	-3901	 7722	-8228	 2096	 2376	-1586	 -686	-4788	   16	 1945	
-9664	11465	14586	 8420	 6971	-11640	 3313	-8933	 8747	-9799	-4974	11502	-7004	 5682	-16245	-9497	-13692	-1755	 4743	 1647	 9299	16827	10231	 7579	 4175	 1921	-5779	-8827	 2425	-7611	-11037	  523	-1958	-4734	 3867	-3722	 7698	-7205	 3616	 4720	-2488	-3054	-3346	  254	10735	 4771	 -533	-2099	-1980	 6328	-8611	 1531	-1985	 8393	-2639	 4054	-3904	 7725	-8230	 2097	 2376	-1587	 -685	-4790	   17	 1946	
-9668	11469	14593	 8425	 6974	-11645	 3315	-8937	 8752	-9802	-4976	11505	-7007	 5684	-16253	-9501	-13698	-1756	 4745	 1648	 9301	16835	10234	 7581	 4177	 1921	-5781	-8829	 2425	-7613	-11040	  522	-1959	-4736	 3868	-3723	 7700	-7206	 3618	 4722	-2488	-3056	-3348	  253	10738	 4772	 -533	-2100	-1981	 6330	-8613	 1532	-1986	 8395	-2639	 4056	-3907	 7727	-8233	 2098	 2377	-1587	 -683	-4792	   18	 1948	
-9672	11473	14600	 8430	 6977	-11650	 3317	-8941	 8756	-9805	-4977	11509	-7009	 5687	-16260	-9505	-13703	-1757	 4748	 1649	 9304	16842	10237	 7582	 4178	 1921	-5783	-8831	 2425	-7615	-11044	  521	-1960	-4737	 3869	-3724	 7703	-7207	 3620	 4724	-2489	-3058	-3349	  253	10741	 4773	 -534	-2101	-1982	 6332	-8616	 1532	-1987	 8397	-2639	 4057	-3910	 7730	-8235	 2099	 2378	-1588	 -682	-4795	   19	 1950	
-9676	11476	14607	 8435	 6980	-11655	 3319	-8945	 8761	-9809	-4979	11512	-7012	 5689	-16267	-9509	-13709	-1757	 4750	 1650	 9306	16849	10240	 7584	 4179	 1920	-5784	-8833	 2425	-7617	-11047	  521	-1962	-4739	 3871	-3725	 7705	-7209	 3623	 4726	-2489	-3060	-3350	  252	10744	 4774	 -534	-2102	-1983	 6333	-8618	 1532	-1988	 8399	-2639	 4058	-3913	 7733	-8237	 2100	 2378	-1588	 -681	-4797	   20	 1952	
-9681	11480	14613	 8440	 6983	-11660	 3321	-8948	 8765	-9812	-4981	11516	-7015	 5691	-16275	-9513	-13715	-1758	 4752	 1651	 9309	16857	10243	 7586	 4180	 1920	-5786	-8834	 2425	-7619	-11051	  520	-1963	-4740	 3872	-3726	 7708	-7210	 3625	 4727	-2490	-3062	-3351	  252	10746	 4775	 -535	-2103	-1984	 6335	-8621	 1533	-1989	 8401	-2640	 4060	-3916	 7735	-8239	 2102	 2379	-1589	 -679	-4799	   22	 1953	
-9685	11484	14620	 8445	 6985	-11665	 3323	-8952	 8769	-9815	-4983	11519	-7017	 5693	-16282	-9517	-13721	-1758	 4755	 1652	 9311	16864	10247	 7587	 4181	 1919	-5788	-8836	 2425	-7621	-11054	  519	-1964	-4742	 3873	-3727	 7711	-7211	 3627	 4729	-2490	-3064	-3352	  251	10749	 4775	 -536	-2104	-1985	 6337	-8623	 1533	-1990	 8403	-2640	 4061	-3919	 7738	-8241	 2103	 2380	-1589	 -678	-4802	   23	 1955	
-9689	11488	14626	 8449	 6988	-11670	 3325	-8956	 8774	-9818	-4984	11523	-7020	 5695	-16289	-9521	-13726	-1759	 4757	 1653	 9313	16871	10250	 7589	 4182	 1919	-5790	-8838	 2425	-7623	-11057	  519	-1965	-4743	 3874	-3728	 7713	-7213	 3629	 4731	-2491	-3066	-3354	  251	10752	 4776	 -536	-2105	-1986	 6338	-8626	 1533	-1991	 8405	-2640	 4062	-3922	 7741	-8243	 2104	 2381	-1590	 -676	-4804	   24	 1957	
-9693	11491	14633	 8454	 6991	-11675	 3327	-8960	 8778	-9822	-4986	11526	-7023	 5697	-16296	-9525	-13732	-1759	 4760	 1654	 9316	16878	10253	 7591	 4183	 1919	-5792	-8840	 2425	-7624	-11061	  518	-1967	-4745	 3875	-3729	 7716	-7214	 3631	 4733	-2491	-3068	-3355	  250	10755	 4777	 -537	-2106	-1987	 6340	-8628	 1533	-1992	 8407	-2640	 4064	-3924	 7743	-8245	 2105	 2381	-1590	 -675	-4806	   25	 1958	
-9697	11495	14640	 8459	 6994	-11680	 3329	-8964	 8783	-9825	-4988	11529	-7025	 5699	-16303	-9529	-13738	-1760	 4762	 1655	 9318	16886	10256	 7592	 4184	 1918	-5793	-8842	 2425	-7626	-11064	  517	-1968	-4746	 3876	-3730	 7718	-7215	 3633	 4734	-2492	-3070	-3356	  250	10757	 4778	 -538	-2108	-1988	 6342	-8631	 1533	-1993	 8409	-2640	 4065	-3927	 7746	-8247	 2106	 2382	-1591	 -674	-4808	   26	 1960	
-9701	11498	14646	 8464	 6996	-11685	 3331	-8968	 8787	-9828	-4990	11533	-7028	 5701	-16310	-9533	-13743	-1760	 4764	 1656	 9320	16893	10259	 7594	 4185	 1918	-5795	-8843	 2425	-7628	-11067	  516	-1969	-4748	 3878	-3731	 7721	-7216	 3635	 4736	-2492	-3072	-3357	  250	10760	 4778	 -538	-2109	-1989	 6343	-8633	 1534	-1994	 8411	-2640	 4066	-3930	 7748	-8249	 2107	 2383	-1591	 -672	-4811	   27	 1962	
-9705	11502	14652	 8468	 6999	-11690	 3333	-8971	 8791	-9831	-4991	11536	-7030	 5703	-16317	-9537	-13749	-1761	 4767	 1657	 9323	16900	10261	 7596	 4186	 1917	-5797	-8845	 2424	-7630	-11071	  516	-1970	-4749	 3879	-3732	 7723	-7218	 3637	 4738	-2493	-3074	-3358	  249	10763	 4779	 -539	-2110	-1990	 6345	-8635	 1534	-1995	 8413	-2641	 4067	-3933	 7751	-8251	 2109	 2383	-1591	 -671	-4813	   28	 1963	
-9709	11506	14659	 8473	 7002	-11695	 3335	-8975	 8796	-9834	-4993	11539	-7033	 5705	-16324	-9541	-13755	-1761	 4769	 1658	 9325	16907	10264	 7597	 4187	 1917	-5799	-8847	 2424	-7632	-11074	  515	-1972	-4751	 3880	-3733	 7726	-7219	 3639	 4740	-2493	-3076	-3360	  249	10765	 4780	 -539	-2111	-1991	 6346	-8638	 1534	-1996	 8415	-2641	 4069	-3936	 7754	-8254	 2110	 2384	-1592	 -670	-4815	   29	 1965	
-9713	11509	14665	 8478	 7004	-11700	 3336	-8979	 8800	-9838	-4995	11542	-7035	 5707	-16331	-9544	-13760	-1762	 4771	 1659	 9327	16914	10267	 7599	 4188	 1917	-5800	-8849	 2424	-7633	-11077	  514	-1973	-4752	 3881	-3734	 7728	-7220	 3641	 4741	-2494	-3077	-3361	  248	10768	 4781	 -540	-2112	-1992	 6348	-8640	 1534	-1997	 8417	-2641	 4070	-3939	 7756	-8256	 2111	 2385	-1592	 -668	-4817	   30	 1967	
-9717	11513	14672	 8482	 7007	-11705	 3338	-8983	 8804	-9841	-4996	11546	-7038	 5709	-16338	-9548	-13766	-1763	 4773	 1660	 9330	16921	10270	 7600	 4189	 1916	-5802	-8850	 2424	-7635	-11080	  514	-1974	-4754	 3882	-3735	 7731	-7221	 3643	 4743	-2494	-3079	-3362	  248	10771	 4782	 -541	-2113	-1993	 6349	-8642	 1535	-1998	 8419	-2641	 4071	-3941	 7759	-8258	 2112	 2385	-1593	 -667	-4819	   31	 1968	
-9721	11516	14678	 8487	 7010	-11710	 3340	-8986	 8808	-9844	-4998	11549	-7040	 5711	-16345	-9552	-13771	-1763	 4776	 1661	 9332	16928	10273	 7602	 4190	 1916	-5804	-8852	 2424	-7637	-11083	  513	-1975	-4755	 3883	-3736	 7733	-7223	 3645	 4745	-2495	-3081	-3363	  247	10773	 4782	 -541	-2114	-1994	 6351	-8645	 1535	-1999	 8421	-2641	 4073	-3944	 7761	-8260	 2113	 2386	-1593	 -666	-4821	   31	 1970	
-9725	11520	14684	 8491	 7012	-11714	 3342	-8990	 8813	-9847	-5000	11552	-7043	 5713	-16351	-9556	-13776	-1764	 4778	 1662	 9334	16934	10276	 7604	 4191	 1915	-5806	-8854	 2424	-7639	-11087	  512	-1976	-4756	 3884	-3737	 7735	-7224	 3647	 4746	-2495	-3083	-3364	  247	10776	 4783	 -542	-2115	-1995	 6353	-8647	 1535	-2000	 8423	-2641	 4074	-3947	 7764	-8262	 2114	 2387	-1593	 -665	-4824	   32	 1972	
-9729	11523	14690	 8496	 7015	-11719	 3344	-8994	 8817	-9850	-5001	11555	-7045	 5715	-16358	-9560	-13782	-1764	 4780	 1663	 9336	16941	10279	 7605	 4192	 1915	-5807	-8855	 2424	-7641	-11090	  512	-1978	-4758	 3885	-3738	 7738	-7225	 3649	 4748	-2495	-3085	-3365	  247	10779	 4784	 -542	-2116	-1996	 6354	-8649	 1535	-2001	 8425	-2642	 4075	-3950	 7766	-8264	 2115	 2387	-1594	 -663	-4826	   33	 1973	
-9733	11527	14697	 8500	 7017	-11724	 3346	-8997	 8821	-9853	-5003	11559	-7048	 5717	-16365	-9563	-13787	-1765	 4782	 1664	 9339	16948	10282	 7607	 4193	 1915	-5809	-8857	 2424	-7642	-11093	  511	-1979	-4759	 3886	-3739	 7740	-7226	 3651	 4750	-2496	-3087	-3366	  246	10781	 4785	 -543	-2117	-1997	 6356	-8652	 1536	-2002	 8427	-2642	 4076	-3952	 7769	-8266	 2117	 2388	-1594	 -662	-4828	   34	 1975	
-9737	11530	14703	 8505	 7020	-11728	 3347	-9001	 8825	-9856	-5005	11562	-7050	 5719	-16372	-9567	-13792	-1765	 4785	 1665	 9341	16955	10285	 7608	 4194	 1914	-5811	-8859	 2424	-7644	-11096	  511	-1980	-4761	 3888	-3740	 7743	-7227	 3652	 4751	-2496	-3089	-3368	  246	10784	 4785	 -544	-2117	-1998	 6357	-8654	 1536	-2003	 8428	-2642	 4077	-3955	 7771	-8268	 2118	 2389	-1595	 -661	-4830	   35	 1976	
-9740	11534	14709	 8509	 7022	-11733	 3349	-9004	 8829	-9859	-5006	11565	-7053	 5720	-16378	-9571	-13798	-1766	 4787	 1666	 9343	16962	10287	 7610	 4195	 1914	-5812	-8860	 2424	-7646	-11099	  510	-1981	-4762	 3889	-3740	 7745	-7228	 3654	 4753	-2497	-3090	-3369	  245	10786	 4786	 -544	-2118	-1999	 6359	-8656	 1536	-2004	 8430	-2642	 4079	-3958	 7773	-8270	 2119	 2389	-1595	 -660	-4832	   36	 1978	
-9744	11537	14715	 8514	 7025	-11738	 3351	-9008	 8833	-9862	-5008	11568	-7055	 5722	-16385	-9574	-13803	-1766	 4789	 1667	 9345	16968	10290	 7611	 4196	 1914	-5814	-8862	 2424	-7648	-11102	  509	-1982	-4764	 3890	-3741	 7747	-7230	 3656	 4754	-2497	-3092	-3370	  245	10789	 4787	 -545	-2119	-2000	 6360	-8658	 1536	-2005	 8432	-2642	 4080	-3960	 7776	-8271	 2120	 2390	-1595	 -658	-4834	   37	 1979	
-9748	11540	14721	 8518	 7027	-11742	 3353	-9012	 8837	-9865	-5009	11571	-7057	 5724	-16391	-9578	-13808	-1767	 4791	 1668	 9348	16975	10293	 7613	 4197	 1913	-5816	-8864	 2424	-7649	-11105	  509	-1983	-4765	 3891	-3742	 7750	-7231	 3658	 4756	-2498	-3094	-3371	  244	10791	 4787	 -545	-2120	-2001	 6362	-8661	 1536	-2005	 8434	-2642	 4081	-3963	 7778	-8273	 2121	 2391	-1596	 -657	-4836	   38	 1981	
-9752	11544	14727	 8523	 7030	-11747	 3355	-9015	 8841	-9868	-5011	11574	-7060	 5726	-16398	-9582	-13813	-1767	 4793	 1668	 9350	16982	10296	 7614	 4198	 1913	-5817	-8865	 2424	-7651	-11108	  508	-1985	-4766	 3892	-3743	 7752	-7232	 3660	 4758	-2498	-3096	-3372	  244	10794	 4788	 -546	-2121	-2002	 6363	-8663	 1537	-2006	 8436	-2643	 4082	-3966	 7781	-8275	 2122	 2391	-1596	 -656	-4838	   39	 1983	
-9756	11547	14733	 8527	 7032	-11752	 3356	-9019	 8845	-9871	-5013	11577	-7062	 5728	-16405	-9585	-13819	-1768	 4796	 1669	 9352	16988	10298	 7616	 4199	 1912	-5819	-8867	 2424	-7653	-11111	  507	-1986	-4768	 3893	-3744	 7754	-7233	 3662	 4759	-2499	-3097	-3373	  244	10796	 4789	 -546	-2122	-2003	 6365	-8665	 1537	-2007	 8438	-2643	 4084	-3968	 7783	-8277	 2123	 2392	-1597	 -655	-4840	   40	 1984	
-9759	11550	14739	 8531	 7035	-11756	 3358	-9022	 8849	-9874	-5014	11581	-7064	 5730	-16411	-9589	-13824	-1768	 4798	 1670	 9354	16995	10301	 7617	 4200	 1912	-5821	-8869	 2424	-7654	-11114	  507	-1987	-4769	 3894	-3745	 7757	-7234	 3664	 4761	-2499	-3099	-3374	  243	10799	 4790	 -547	-2123	-2004	 6366	-8667	 1537	-2008	 8440	-2643	 4085	-3971	 7785	-8279	 2124	 2392	-1597	 -653	-4842	   41	 1986	
-9763	11554	14745	 8536	 7037	-11761	 3360	-9026	 8853	-9877	-5016	11584	-7067	 5732	-16417	-9592	-13829	-1769	 4800	 1671	 9356	17001	10304	 7619	 4200	 1912	-5822	-8870	 2423	-7656	-11117	  506	-1988	-4770	 3895	-3746	 7759	-7235	 3666	 4762	-2500	-3101	-3375	  243	10801	 4790	 -548	-2124	-2005	 6368	-8669	 1537	-2009	 8441	-2643	 4086	-3973	 7788	-8281	 2125	 2393	-1597	 -652	-4844	   42	 1987	
-9767	11557	14751	 8540	 7040	-11765	 3362	-9029	 8857	-9880	-5017	11587	-7069	 5734	-16424	-9596	-13834	-1769	 4802	 1672	 9358	17008	10307	 7620	 4201	 1911	-5824	-8872	 2423	-7658	-11120	  505	-1989	-4772	 3896	-3747	 7761	-7237	 3667	 4764	-2500	-3103	-3376	  242	10804	 4791	 -548	-2125	-2006	 6369	-8672	 1537	-2010	 8443	-2643	 4087	-3976	 7790	-8283	 2126	 2394	-1598	 -651	-4846	   43	 1989	
-9770	11560	14757	 8544	 7042	-11770	 3363	-9032	 8861	-9883	-5019	11590	-7071	 5735	-16430	-9600	-13839	-1770	 4804	 1673	 9361	17014	10309	 7622	 4202	 1911	-5825	-8873	 2423	-7659	-11123	  505	-1990	-4773	 3897	-3747	 7764	-7238	 3669	 4765	-2500	-3104	-3377	  242	10806	 4792	 -549	-2126	-2007	 6370	-8674	 1538	-2011	 8445	-2643	 4088	-3979	 7792	-8285	 2127	 2394	-1598	 -650	-4848	   44	 1990	
-9774	11564	14763	 8549	 7045	-11774	 3365	-9036	 8865	-9886	-5020	11593	-7074	 5737	-16437	-9603	-13844	-1770	 4806	 1674	 9363	17021	10312	 7623	 4203	 1911	-5827	-8875	 2423	-7661	-11126	  504	-1991	-4774	 3898	-3748	 7766	-7239	 3671	 4767	-2501	-3106	-3378	  242	10809	 4792	 -549	-2127	-2008	 6372	-8676	 1538	-2012	 8447	-2644	 4089	-3981	 7795	-8287	 2128	 2395	-1598	 -649	-4850	   45	 1992	
