H1-O1 	H1-O2 	H1-O3 	H2-O1 	H2-O2 	H2-O3 	H3-O1 	H3-O2 	H3-O3 	H4-O1 	H4-O2 	H4-O3 	I1-H1 	I1-H2 	I1-H3 	I1-H4 	I2-H1 	I2-H2 	I2-H3 	I2-H4 	I3-H1 	I3-H2 	I3-H3 	I3-H4 	I4-H1 	I4-H2 	I4-H3 	I4-H4 	I5-H1 	I5-H2 	I5-H3 	I5-H4 	I6-H1 	I6-H2 	I6-H3 	I6-H4 	I7-H1 	I7-H2 	I7-H3 	I7-H4 	
12861	 9515	 4210	-4701	-5429	10218	-7726	 8513	-5161	 1971	-10859	-7683	 6991	 2552	 -105	-2944	-5263	 -613	 1180	 -747	 1770	 4125	-2086	  -11	-5476	 3038	 1856	  408	-2641	-5758	 5600	 1624	 1223	-3188	-4745	 6229	 1719	-3587	 2040	  105	
12870	 9522	 4212	-4705	-5432	10226	-7730	 8519	-5164	 1970	-10867	-7689	 6994	 2553	 -105	-2945	-5265	 -614	 1181	 -747	 1770	 4127	-2087	  -10	-5479	 3039	 1856	  408	-2641	-5761	 5602	 1626	 1223	-3189	-4747	 6230	 1720	-3589	 2042	  105	
12880	 9529	 4213	-4709	-5436	10234	-7734	 8525	-5168	 1970	-10874	-7695	 6997	 2554	 -105	-2947	-5266	 -615	 1181	 -747	 1770	 4129	-2087	  -10	-5482	 3040	 1856	  409	-2642	-5763	 5603	 1627	 1224	-3191	-4749	 6232	 1721	-3590	 2043	  104	
12889	 9536	 4215	-4712	-5440	10242	-7738	 8531	-5171	 1970	-10882	-7700	 7000	 2555	 -105	-2948	-5268	 -615	 1182	 -747	 1770	 4130	-2088	  -10	-5485	 3042	 1856	  409	-2643	-5766	 5605	 1628	 1225	-3192	-4751	 6234	 1722	-3592	 2045	  104	
12898	 9543	 4217	-4716	-5443	10250	-7742	 8537	-5174	 1970	-10890	-7706	 7002	 2556	 -105	-2949	-5269	 -616	 1182	 -747	 1770	 4132	-2088	  -10	-5488	 3043	 1856	  410	-2643	-5769	 5607	 1629	 1226	-3193	-4752	 6235	 1723	-3593	 2046	  104	
12907	 9549	 4219	-4719	-5447	10257	-7746	 8543	-5178	 1969	-10898	-7711	 7005	 2557	 -105	-2951	-5271	 -617	 1183	 -747	 1770	 4134	-2089	  -10	-5491	 3045	 1856	  410	-2644	-5771	 5608	 1630	 1227	-3195	-4754	 6237	 1724	-3594	 2047	  104	
12916	 9556	 4221	-4722	-5450	10265	-7750	 8549	-5181	 1969	-10905	-7716	 7008	 2559	 -106	-2952	-5272	 -618	 1183	 -747	 1770	 4136	-2089	  -10	-5493	 3046	 1856	  410	-2645	-5774	 5610	 1631	 1228	-3196	-4756	 6239	 1725	-3596	 2049	  104	
12925	 9562	 4223	-4726	-5453	10273	-7754	 8554	-5184	 1969	-10913	-7722	 7011	 2560	 -106	-2953	-5273	 -618	 1183	 -747	 1770	 4138	-2090	   -9	-5496	 3047	 1856	  411	-2645	-5776	 5611	 1632	 1228	-3198	-4758	 6241	 1726	-3597	 2050	  104	
12934	 9569	 4225	-4729	-5457	10280	-7758	 8560	-5187	 1968	-10920	-7727	 7013	 2561	 -106	-2955	-5275	 -619	 1184	 -747	 1771	 4140	-2090	   -9	-5499	 3049	 1856	  411	-2646	-5779	 5613	 1633	 1229	-3199	-4760	 6242	 1727	-3599	 2051	  104	
12942	 9575	 4226	-4732	-5460	10288	-7762	 8566	-5190	 1968	-10927	-7732	 7016	 2562	 -106	-2956	-5276	 -620	 1184	 -747	 1771	 4142	-2091	   -9	-5501	 3050	 1856	  411	-2647	-5782	 5614	 1634	 1230	-3200	-4762	 6244	 1728	-3600	 2053	  104	
12951	 9582	 4228	-4736	-5463	10295	-7765	 8571	-5194	 1968	-10935	-7737	 7019	 2563	 -106	-2957	-5278	 -620	 1185	 -747	 1771	 4143	-2091	   -9	-5504	 3051	 1856	  412	-2648	-5784	 5616	 1635	 1231	-3202	-4763	 6245	 1729	-3601	 2054	  104	
12960	 9588	 4230	-4739	-5467	10303	-7769	 8577	-5197	 1968	-10942	-7743	 7021	 2564	 -106	-2958	-5279	 -621	 1185	 -747	 1771	 4145	-2092	   -9	-5507	 3053	 1856	  412	-2648	-5787	 5617	 1636	 1232	-3203	-4765	 6247	 1730	-3603	 2055	  104	
12968	 9594	 4232	-4742	-5470	10310	-7773	 8583	-5200	 1967	-10949	-7748	 7024	 2565	 -106	-2960	-5280	 -622	 1186	 -746	 1771	 4147	-2092	   -9	-5509	 3054	 1856	  412	-2649	-5789	 5618	 1637	 1232	-3204	-4767	 6249	 1731	-3604	 2057	  104	
12977	 9600	 4233	-4745	-5473	10317	-7777	 8588	-5203	 1967	-10956	-7753	 7026	 2566	 -106	-2961	-5282	 -622	 1186	 -746	 1771	 4149	-2093	   -9	-5512	 3055	 1856	  413	-2649	-5791	 5620	 1638	 1233	-3205	-4769	 6250	 1732	-3605	 2058	  104	
12985	 9606	 4235	-4748	-5476	10325	-7780	 8593	-5206	 1967	-10963	-7758	 7029	 2567	 -106	-2962	-5283	 -623	 1187	 -746	 1771	 4150	-2093	   -8	-5514	 3056	 1856	  413	-2650	-5794	 5621	 1639	 1234	-3207	-4770	 6252	 1733	-3607	 2059	  104	
12993	 9613	 4237	-4752	-5480	10332	-7784	 8599	-5209	 1967	-10970	-7763	 7031	 2569	 -106	-2963	-5284	 -624	 1187	 -746	 1771	 4152	-2094	   -8	-5517	 3058	 1856	  413	-2651	-5796	 5623	 1640	 1235	-3208	-4772	 6253	 1734	-3608	 2061	  104	
13001	 9619	 4239	-4755	-5483	10339	-7787	 8604	-5212	 1966	-10977	-7768	 7034	 2570	 -106	-2965	-5285	 -624	 1187	 -746	 1771	 4154	-2094	   -8	-5519	 3059	 1856	  414	-2651	-5799	 5624	 1641	 1235	-3209	-4774	 6255	 1735	-3609	 2062	  104	
13009	 9624	 4240	-4758	-5486	10346	-7791	 8609	-5215	 1966	-10984	-7773	 7036	 2571	 -106	-2966	-5287	 -625	 1188	 -746	 1771	 4155	-2094	   -8	-5522	 3060	 1856	  414	-2652	-5801	 5625	 1642	 1236	-3211	-4776	 6256	 1736	-3611	 2063	  104	
13018	 9630	 4242	-4761	-5489	10353	-7795	 8615	-5218	 1966	-10991	-7777	 7039	 2572	 -106	-2967	-5288	 -626	 1188	 -746	 1771	 4157	-2095	   -8	-5524	 3061	 1856	  414	-2653	-5803	 5627	 1643	 1237	-3212	-4777	 6258	 1737	-3612	 2064	  104	
13026	 9636	 4244	-4764	-5492	10360	-7798	 8620	-5221	 1965	-10998	-7782	 7041	 2573	 -106	-2968	-5289	 -626	 1189	 -746	 1771	 4159	-2095	   -8	-5527	 3062	 1856	  415	-2653	-5806	 5628	 1644	 1238	-3213	-4779	 6259	 1738	-3613	 2065	  104	
13033	 9642	 4245	-4767	-5495	10367	-7802	 8625	-5224	 1965	-11004	-7787	 7043	 2574	 -106	-2969	-5290	 -627	 1189	 -746	 1771	 4160	-2096	   -8	-5529	 3064	 1855	  415	-2654	-5808	 5629	 1645	 1238	-3214	-4780	 6261	 1739	-3614	 2067	  103	
13041	 9648	 4247	-4770	-5498	10373	-7805	 8630	-5226	 1965	-11011	-7792	 7046	 2575	 -106	-2970	-5292	 -628	 1189	 -746	 1771	 4162	-2096	   -7	-5532	 3065	 1855	  415	-2654	-5810	 5631	 1646	 1239	-3215	-4782	 6262	 1740	-3616	 2068	  103	
13049	 9654	 4248	-4773	-5501	10380	-7808	 8635	-5229	 1965	-11018	-7796	 7048	 2576	 -106	-2971	-5293	 -628	 1190	 -746	 1771	 4163	-2096	   -7	-5534	 3066	 1855	  415	-2655	-5812	 5632	 1647	 1240	-3217	-4784	 6264	 1741	-3617	 2069	  103	
13057	 9659	 4250	-4776	-5504	10387	-7812	 8640	-5232	 1964	-11024	-7801	 7050	 2577	 -106	-2973	-5294	 -629	 1190	 -746	 1771	 4165	-2097	   -7	-5536	 3067	 1855	  416	-2656	-5815	 5633	 1648	 1240	-3218	-4785	 6265	 1742	-3618	 2070	  103	
13065	 9665	 4252	-4779	-5507	10393	-7815	 8645	-5235	 1964	-11031	-7806	 7053	 2578	 -106	-2974	-5295	 -630	 1191	 -746	 1771	 4167	-2097	   -7	-5539	 3068	 1855	  416	-2656	-5817	 5635	 1649	 1241	-3219	-4787	 6266	 1742	-3619	 2071	  103	
13072	 9670	 4253	-4781	-5510	10400	-7819	 8650	-5238	 1964	-11037	-7810	 7055	 2579	 -106	-2975	-5296	 -630	 1191	 -746	 1771	 4168	-2098	   -7	-5541	 3069	 1855	  416	-2657	-5819	 5636	 1649	 1242	-3220	-4788	 6268	 1743	-3621	 2073	  103	
13080	 9676	 4255	-4784	-5513	10407	-7822	 8655	-5240	 1964	-11043	-7815	 7057	 2580	 -106	-2976	-5298	 -631	 1191	 -746	 1771	 4170	-2098	   -7	-5543	 3070	 1855	  417	-2657	-5821	 5637	 1650	 1242	-3221	-4790	 6269	 1744	-3622	 2074	  103	
13087	 9681	 4256	-4787	-5516	10413	-7825	 8660	-5243	 1963	-11050	-7819	 7059	 2580	 -106	-2977	-5299	 -631	 1192	 -746	 1772	 4171	-2098	   -7	-5546	 3072	 1855	  417	-2658	-5823	 5638	 1651	 1243	-3222	-4792	 6271	 1745	-3623	 2075	  103	
13095	 9687	 4258	-4790	-5518	10419	-7828	 8665	-5246	 1963	-11056	-7824	 7062	 2581	 -106	-2978	-5300	 -632	 1192	 -746	 1772	 4173	-2099	   -7	-5548	 3073	 1855	  417	-2659	-5826	 5640	 1652	 1244	-3224	-4793	 6272	 1746	-3624	 2076	  103	
13102	 9692	 4259	-4793	-5521	10426	-7832	 8670	-5249	 1963	-11062	-7828	 7064	 2582	 -106	-2979	-5301	 -633	 1192	 -746	 1772	 4174	-2099	   -6	-5550	 3074	 1855	  418	-2659	-5828	 5641	 1653	 1244	-3225	-4795	 6273	 1747	-3625	 2077	  103	
13109	 9698	 4261	-4795	-5524	10432	-7835	 8674	-5251	 1963	-11068	-7833	 7066	 2583	 -106	-2980	-5302	 -633	 1193	 -746	 1772	 4176	-2100	   -6	-5552	 3075	 1855	  418	-2660	-5830	 5642	 1654	 1245	-3226	-4796	 6275	 1748	-3626	 2078	  103	
13117	 9703	 4262	-4798	-5527	10438	-7838	 8679	-5254	 1962	-11075	-7837	 7068	 2584	 -106	-2981	-5303	 -634	 1193	 -746	 1772	 4177	-2100	   -6	-5554	 3076	 1855	  418	-2660	-5832	 5643	 1655	 1246	-3227	-4798	 6276	 1748	-3627	 2079	  103	
13124	 9708	 4264	-4801	-5530	10445	-7841	 8684	-5257	 1962	-11081	-7841	 7070	 2585	 -106	-2982	-5304	 -634	 1193	 -746	 1772	 4179	-2100	   -6	-5557	 3077	 1855	  418	-2661	-5834	 5645	 1656	 1246	-3228	-4799	 6277	 1749	-3629	 2080	  103	
13131	 9713	 4265	-4804	-5532	10451	-7844	 8689	-5259	 1962	-11087	-7846	 7072	 2586	 -106	-2983	-5305	 -635	 1194	 -746	 1772	 4180	-2101	   -6	-5559	 3078	 1855	  419	-2661	-5836	 5646	 1656	 1247	-3229	-4801	 6279	 1750	-3630	 2081	  103	
13138	 9719	 4267	-4806	-5535	10457	-7848	 8693	-5262	 1962	-11093	-7850	 7075	 2587	 -107	-2984	-5307	 -635	 1194	 -746	 1772	 4182	-2101	   -6	-5561	 3079	 1855	  419	-2662	-5838	 5647	 1657	 1248	-3230	-4802	 6280	 1751	-3631	 2083	  103	
13145	 9724	 4268	-4809	-5538	10463	-7851	 8698	-5264	 1962	-11099	-7854	 7077	 2588	 -107	-2985	-5308	 -636	 1195	 -746	 1772	 4183	-2102	   -6	-5563	 3080	 1855	  419	-2662	-5840	 5648	 1658	 1248	-3231	-4803	 6281	 1752	-3632	 2084	  103	
13152	 9729	 4269	-4812	-5540	10469	-7854	 8702	-5267	 1961	-11105	-7858	 7079	 2589	 -107	-2986	-5309	 -637	 1195	 -746	 1772	 4184	-2102	   -6	-5565	 3081	 1855	  419	-2663	-5842	 5649	 1659	 1249	-3232	-4805	 6282	 1753	-3633	 2085	  103	
13159	 9734	 4271	-4814	-5543	10475	-7857	 8707	-5269	 1961	-11110	-7863	 7081	 2590	 -107	-2987	-5310	 -637	 1195	 -746	 1772	 4186	-2102	   -5	-5567	 3082	 1855	  420	-2663	-5844	 5650	 1660	 1250	-3233	-4806	 6284	 1753	-3634	 2086	  103	
13166	 9739	 4272	-4817	-5546	10481	-7860	 8711	-5272	 1961	-11116	-7867	 7083	 2590	 -107	-2988	-5311	 -638	 1196	 -746	 1772	 4187	-2103	   -5	-5569	 3083	 1855	  420	-2664	-5846	 5652	 1660	 1250	-3234	-4808	 6285	 1754	-3635	 2087	  103	
13173	 9744	 4274	-4819	-5548	10487	-7863	 8716	-5274	 1961	-11122	-7871	 7085	 2591	 -107	-2989	-5312	 -638	 1196	 -746	 1772	 4189	-2103	   -5	-5571	 3084	 1854	  420	-2664	-5848	 5653	 1661	 1251	-3235	-4809	 6286	 1755	-3636	 2088	  103	
13180	 9749	 4275	-4822	-5551	10493	-7866	 8720	-5277	 1960	-11128	-7875	 7087	 2592	 -107	-2990	-5313	 -639	 1196	 -745	 1772	 4190	-2103	   -5	-5573	 3085	 1854	  421	-2665	-5850	 5654	 1662	 1251	-3237	-4811	 6287	 1756	-3637	 2089	  103	
13186	 9754	 4276	-4825	-5553	10499	-7869	 8725	-5279	 1960	-11133	-7879	 7089	 2593	 -107	-2991	-5314	 -639	 1197	 -745	 1772	 4191	-2104	   -5	-5575	 3086	 1854	  421	-2666	-5852	 5655	 1663	 1252	-3238	-4812	 6289	 1757	-3638	 2090	  103	
13193	 9759	 4278	-4827	-5556	10505	-7872	 8729	-5282	 1960	-11139	-7883	 7091	 2594	 -107	-2992	-5315	 -640	 1197	 -745	 1772	 4193	-2104	   -5	-5577	 3087	 1854	  421	-2666	-5854	 5656	 1664	 1253	-3239	-4813	 6290	 1757	-3639	 2091	  103	
13200	 9763	 4279	-4830	-5559	10510	-7875	 8734	-5284	 1960	-11145	-7887	 7093	 2595	 -107	-2993	-5316	 -640	 1197	 -745	 1772	 4194	-2104	   -5	-5579	 3088	 1854	  421	-2667	-5856	 5657	 1664	 1253	-3240	-4815	 6291	 1758	-3640	 2092	  103	
13206	 9768	 4281	-4832	-5561	10516	-7878	 8738	-5287	 1959	-11150	-7891	 7095	 2596	 -107	-2994	-5317	 -641	 1198	 -745	 1772	 4195	-2105	   -5	-5581	 3089	 1854	  422	-2667	-5857	 5658	 1665	 1254	-3241	-4816	 6292	 1759	-3641	 2093	  103	
13213	 9773	 4282	-4835	-5564	10522	-7881	 8742	-5289	 1959	-11156	-7895	 7097	 2596	 -107	-2995	-5318	 -641	 1198	 -745	 1772	 4197	-2105	   -5	-5583	 3090	 1854	  422	-2668	-5859	 5659	 1666	 1254	-3242	-4817	 6294	 1760	-3642	 2094	  102	
13219	 9778	 4283	-4837	-5566	10527	-7883	 8746	-5291	 1959	-11161	-7899	 7099	 2597	 -107	-2996	-5319	 -642	 1198	 -745	 1772	 4198	-2105	   -4	-5585	 3091	 1854	  422	-2668	-5861	 5660	 1667	 1255	-3243	-4819	 6295	 1760	-3644	 2095	  102	
13226	 9783	 4284	-4839	-5568	10533	-7886	 8751	-5294	 1959	-11167	-7903	 7101	 2598	 -107	-2997	-5320	 -642	 1198	 -745	 1772	 4199	-2106	   -4	-5587	 3092	 1854	  422	-2669	-5863	 5662	 1667	 1256	-3244	-4820	 6296	 1761	-3645	 2096	  102	
13232	 9787	 4286	-4842	-5571	10539	-7889	 8755	-5296	 1959	-11172	-7907	 7102	 2599	 -107	-2998	-5321	 -643	 1199	 -745	 1772	 4201	-2106	   -4	-5589	 3093	 1854	  423	-2669	-5865	 5663	 1668	 1256	-3245	-4821	 6297	 1762	-3646	 2097	  102	
13239	 9792	 4287	-4844	-5573	10544	-7892	 8759	-5298	 1958	-11178	-7911	 7104	 2600	 -107	-2999	-5322	 -643	 1199	 -745	 1772	 4202	-2106	   -4	-5591	 3094	 1854	  423	-2670	-5867	 5664	 1669	 1257	-3246	-4823	 6298	 1763	-3646	 2098	  102	
13245	 9796	 4288	-4847	-5576	10550	-7895	 8763	-5301	 1958	-11183	-7914	 7106	 2600	 -107	-3000	-5323	 -644	 1199	 -745	 1773	 4203	-2107	   -4	-5593	 3095	 1854	  423	-2670	-5869	 5665	 1670	 1257	-3246	-4824	 6299	 1763	-3647	 2099	  102	
13251	 9801	 4290	-4849	-5578	10555	-7897	 8767	-5303	 1958	-11188	-7918	 7108	 2601	 -107	-3001	-5324	 -644	 1200	 -745	 1773	 4205	-2107	   -4	-5595	 3096	 1854	  423	-2670	-5870	 5666	 1670	 1258	-3247	-4825	 6301	 1764	-3648	 2100	  102	
13258	 9806	 4291	-4851	-5580	10561	-7900	 8771	-5305	 1958	-11194	-7922	 7110	 2602	 -107	-3002	-5325	 -645	 1200	 -745	 1773	 4206	-2107	   -4	-5597	 3097	 1854	  423	-2671	-5872	 5667	 1671	 1258	-3248	-4827	 6302	 1765	-3649	 2101	  102	
13264	 9810	 4292	-4854	-5583	10566	-7903	 8775	-5308	 1957	-11199	-7926	 7112	 2603	 -107	-3002	-5326	 -645	 1200	 -745	 1773	 4207	-2108	   -4	-5599	 3097	 1854	  424	-2671	-5874	 5668	 1672	 1259	-3249	-4828	 6303	 1765	-3650	 2102	  102	
13270	 9815	 4293	-4856	-5585	10571	-7906	 8780	-5310	 1957	-11204	-7929	 7113	 2604	 -107	-3003	-5327	 -646	 1201	 -745	 1773	 4208	-2108	   -4	-5600	 3098	 1854	  424	-2672	-5876	 5669	 1673	 1259	-3250	-4829	 6304	 1766	-3651	 2103	  102	
13276	 9819	 4295	-4858	-5588	10577	-7908	 8784	-5312	 1957	-11209	-7933	 7115	 2604	 -107	-3004	-5328	 -646	 1201	 -745	 1773	 4210	-2108	   -3	-5602	 3099	 1854	  424	-2672	-5877	 5670	 1673	 1260	-3251	-4830	 6305	 1767	-3652	 2104	  102	
13282	 9824	 4296	-4861	-5590	10582	-7911	 8788	-5314	 1957	-11214	-7937	 7117	 2605	 -107	-3005	-5329	 -647	 1201	 -745	 1773	 4211	-2109	   -3	-5604	 3100	 1853	  424	-2673	-5879	 5671	 1674	 1261	-3252	-4832	 6306	 1767	-3653	 2105	  102	
13288	 9828	 4297	-4863	-5592	10587	-7914	 8792	-5317	 1957	-11220	-7940	 7119	 2606	 -107	-3006	-5330	 -647	 1202	 -745	 1773	 4212	-2109	   -3	-5606	 3101	 1853	  425	-2673	-5881	 5672	 1675	 1261	-3253	-4833	 6307	 1768	-3654	 2106	  102	
13294	 9832	 4298	-4865	-5594	10593	-7916	 8795	-5319	 1956	-11225	-7944	 7121	 2607	 -107	-3007	-5330	 -648	 1202	 -745	 1773	 4213	-2109	   -3	-5608	 3102	 1853	  425	-2674	-5882	 5673	 1675	 1262	-3254	-4834	 6308	 1769	-3655	 2106	  102	
13300	 9837	 4300	-4868	-5597	10598	-7919	 8799	-5321	 1956	-11230	-7948	 7122	 2607	 -107	-3008	-5331	 -648	 1202	 -745	 1773	 4214	-2109	   -3	-5610	 3103	 1853	  425	-2674	-5884	 5674	 1676	 1262	-3255	-4835	 6309	 1770	-3656	 2107	  102	
13306	 9841	 4301	-4870	-5599	10603	-7922	 8803	-5323	 1956	-11235	-7951	 7124	 2608	 -107	-3009	-5332	 -649	 1202	 -745	 1773	 4216	-2110	   -3	-5611	 3104	 1853	  425	-2675	-5886	 5675	 1677	 1263	-3256	-4837	 6310	 1770	-3657	 2108	  102	
13312	 9845	 4302	-4872	-5601	10608	-7924	 8807	-5325	 1956	-11240	-7955	 7126	 2609	 -107	-3009	-5333	 -649	 1203	 -745	 1773	 4217	-2110	   -3	-5613	 3105	 1853	  426	-2675	-5888	 5676	 1678	 1263	-3257	-4838	 6312	 1771	-3658	 2109	  102	
13318	 9850	 4303	-4874	-5603	10613	-7927	 8811	-5327	 1955	-11245	-7958	 7128	 2610	 -107	-3010	-5334	 -650	 1203	 -745	 1773	 4218	-2110	   -3	-5615	 3105	 1853	  426	-2676	-5889	 5677	 1678	 1264	-3258	-4839	 6313	 1772	-3659	 2110	  102	
13324	 9854	 4304	-4876	-5606	10618	-7929	 8815	-5330	 1955	-11250	-7962	 7129	 2610	 -107	-3011	-5335	 -650	 1203	 -745	 1773	 4219	-2111	   -3	-5617	 3106	 1853	  426	-2676	-5891	 5678	 1679	 1264	-3258	-4840	 6314	 1772	-3660	 2111	  102	
13330	 9858	 4306	-4879	-5608	10623	-7932	 8819	-5332	 1955	-11255	-7965	 7131	 2611	 -107	-3012	-5336	 -651	 1203	 -745	 1773	 4220	-2111	   -2	-5618	 3107	 1853	  426	-2676	-5892	 5679	 1680	 1265	-3259	-4841	 6315	 1773	-3661	 2112	  102	
13336	 9862	 4307	-4881	-5610	10628	-7935	 8822	-5334	 1955	-11259	-7969	 7133	 2612	 -107	-3013	-5337	 -651	 1204	 -745	 1773	 4221	-2111	   -2	-5620	 3108	 1853	  426	-2677	-5894	 5680	 1680	 1265	-3260	-4843	 6316	 1774	-3661	 2113	  102	
13341	 9866	 4308	-4883	-5612	10633	-7937	 8826	-5336	 1955	-11264	-7972	 7134	 2612	 -107	-3014	-5338	 -651	 1204	 -745	 1773	 4223	-2111	   -2	-5622	 3109	 1853	  427	-2677	-5896	 5681	 1681	 1266	-3261	-4844	 6317	 1774	-3662	 2114	  102	
13347	 9870	 4309	-4885	-5614	10638	-7940	 8830	-5338	 1954	-11269	-7976	 7136	 2613	 -107	-3014	-5338	 -652	 1204	 -745	 1773	 4224	-2112	   -2	-5623	 3110	 1853	  427	-2678	-5897	 5681	 1682	 1266	-3262	-4845	 6318	 1775	-3663	 2114	  102	
13353	 9875	 4310	-4887	-5616	10643	-7942	 8834	-5340	 1954	-11274	-7979	 7138	 2614	 -107	-3015	-5339	 -652	 1205	 -744	 1773	 4225	-2112	   -2	-5625	 3110	 1853	  427	-2678	-5899	 5682	 1682	 1267	-3263	-4846	 6319	 1775	-3664	 2115	  102	
13358	 9879	 4311	-4889	-5619	10648	-7945	 8837	-5342	 1954	-11279	-7983	 7139	 2615	 -107	-3016	-5340	 -653	 1205	 -744	 1773	 4226	-2112	   -2	-5627	 3111	 1853	  427	-2679	-5901	 5683	 1683	 1267	-3264	-4847	 6320	 1776	-3665	 2116	  102	
13364	 9883	 4313	-4891	-5621	10653	-7947	 8841	-5344	 1954	-11283	-7986	 7141	 2615	 -108	-3017	-5341	 -653	 1205	 -744	 1773	 4227	-2113	   -2	-5628	 3112	 1853	  427	-2679	-5902	 5684	 1684	 1268	-3264	-4848	 6321	 1777	-3666	 2117	  102	
13370	 9887	 4314	-4894	-5623	10658	-7950	 8845	-5346	 1954	-11288	-7989	 7143	 2616	 -108	-3018	-5342	 -654	 1205	 -744	 1773	 4228	-2113	   -2	-5630	 3113	 1853	  428	-2679	-5904	 5685	 1684	 1268	-3265	-4849	 6322	 1777	-3667	 2118	  102	
13375	 9891	 4315	-4896	-5625	10663	-7952	 8848	-5348	 1953	-11293	-7993	 7144	 2617	 -108	-3018	-5343	 -654	 1206	 -744	 1773	 4229	-2113	   -2	-5632	 3114	 1853	  428	-2680	-5905	 5686	 1685	 1269	-3266	-4851	 6323	 1778	-3667	 2119	  102	
13381	 9895	 4316	-4898	-5627	10667	-7954	 8852	-5350	 1953	-11297	-7996	 7146	 2617	 -108	-3019	-5344	 -655	 1206	 -744	 1773	 4230	-2113	   -2	-5633	 3114	 1852	  428	-2680	-5907	 5687	 1685	 1269	-3267	-4852	 6324	 1779	-3668	 2120	  102	
13386	 9899	 4317	-4900	-5629	10672	-7957	 8856	-5352	 1953	-11302	-7999	 7147	 2618	 -108	-3020	-5344	 -655	 1206	 -744	 1773	 4232	-2114	   -2	-5635	 3115	 1852	  428	-2681	-5908	 5688	 1686	 1270	-3268	-4853	 6325	 1779	-3669	 2120	  102	
13392	 9903	 4318	-4902	-5631	10677	-7959	 8859	-5354	 1953	-11307	-8003	 7149	 2619	 -108	-3021	-5345	 -655	 1206	 -744	 1773	 4233	-2114	   -1	-5636	 3116	 1852	  429	-2681	-5910	 5689	 1687	 1270	-3269	-4854	 6326	 1780	-3670	 2121	  102	
13397	 9907	 4319	-4904	-5633	10682	-7962	 8863	-5356	 1953	-11311	-8006	 7151	 2619	 -108	-3022	-5346	 -656	 1207	 -744	 1773	 4234	-2114	   -1	-5638	 3117	 1852	  429	-2681	-5911	 5690	 1687	 1271	-3269	-4855	 6327	 1781	-3671	 2122	  102	
13402	 9911	 4320	-4906	-5635	10686	-7964	 8866	-5358	 1952	-11316	-8009	 7152	 2620	 -108	-3022	-5347	 -656	 1207	 -744	 1773	 4235	-2115	   -1	-5640	 3118	 1852	  429	-2682	-5913	 5691	 1688	 1271	-3270	-4856	 6328	 1781	-3672	 2123	  102	
13408	 9914	 4321	-4908	-5637	10691	-7966	 8870	-5360	 1952	-11320	-8012	 7154	 2621	 -108	-3023	-5348	 -657	 1207	 -744	 1774	 4236	-2115	   -1	-5641	 3118	 1852	  429	-2682	-5914	 5691	 1689	 1272	-3271	-4857	 6329	 1782	-3672	 2124	  102	
13413	 9918	 4322	-4910	-5639	10696	-7969	 8873	-5362	 1952	-11325	-8016	 7155	 2621	 -108	-3024	-5348	 -657	 1207	 -744	 1774	 4237	-2115	   -1	-5643	 3119	 1852	  429	-2683	-5916	 5692	 1689	 1272	-3272	-4858	 6330	 1782	-3673	 2125	  101	
13418	 9922	 4324	-4912	-5641	10700	-7971	 8877	-5364	 1952	-11329	-8019	 7157	 2622	 -108	-3025	-5349	 -657	 1208	 -744	 1774	 4238	-2115	   -1	-5644	 3120	 1852	  430	-2683	-5917	 5693	 1690	 1272	-3273	-4859	 6331	 1783	-3674	 2125	  101	
13424	 9926	 4325	-4914	-5643	10705	-7973	 8880	-5366	 1952	-11334	-8022	 7158	 2623	 -108	-3025	-5350	 -658	 1208	 -744	 1774	 4239	-2116	   -1	-5646	 3121	 1852	  430	-2683	-5919	 5694	 1690	 1273	-3273	-4860	 6332	 1784	-3675	 2126	  101	
13429	 9930	 4326	-4916	-5645	10709	-7976	 8884	-5368	 1951	-11338	-8025	 7160	 2623	 -108	-3026	-5351	 -658	 1208	 -744	 1774	 4240	-2116	   -1	-5647	 3121	 1852	  430	-2684	-5920	 5695	 1691	 1273	-3274	-4862	 6332	 1784	-3676	 2127	  101	
13434	 9933	 4327	-4918	-5647	10714	-7978	 8887	-5370	 1951	-11342	-8028	 7161	 2624	 -108	-3027	-5352	 -659	 1208	 -744	 1774	 4241	-2116	   -1	-5649	 3122	 1852	  430	-2684	-5922	 5696	 1692	 1274	-3275	-4863	 6333	 1785	-3676	 2128	  101	
13439	 9937	 4328	-4920	-5649	10718	-7980	 8890	-5372	 1951	-11347	-8031	 7163	 2625	 -108	-3028	-5352	 -659	 1209	 -744	 1774	 4242	-2116	   -1	-5651	 3123	 1852	  430	-2685	-5923	 5697	 1692	 1274	-3276	-4864	 6334	 1785	-3677	 2129	  101	
13444	 9941	 4329	-4922	-5651	10723	-7982	 8894	-5374	 1951	-11351	-8034	 7164	 2625	 -108	-3028	-5353	 -659	 1209	 -744	 1774	 4243	-2117	   -1	-5652	 3124	 1852	  430	-2685	-5925	 5697	 1693	 1275	-3277	-4865	 6335	 1786	-3678	 2129	  101	
13450	 9945	 4330	-4924	-5653	10727	-7985	 8897	-5375	 1951	-11356	-8038	 7166	 2626	 -108	-3029	-5354	 -660	 1209	 -744	 1774	 4244	-2117	   -0	-5654	 3124	 1852	  431	-2685	-5926	 5698	 1693	 1275	-3277	-4866	 6336	 1786	-3679	 2130	  101	
13455	 9948	 4331	-4926	-5655	10732	-7987	 8901	-5377	 1950	-11360	-8041	 7167	 2626	 -108	-3030	-5355	 -660	 1209	 -744	 1774	 4245	-2117	   -0	-5655	 3125	 1852	  431	-2686	-5928	 5699	 1694	 1276	-3278	-4867	 6337	 1787	-3680	 2131	  101	
13460	 9952	 4332	-4927	-5657	10736	-7989	 8904	-5379	 1950	-11364	-8044	 7169	 2627	 -108	-3031	-5355	 -661	 1210	 -744	 1774	 4246	-2117	   -0	-5657	 3126	 1852	  431	-2686	-5929	 5700	 1695	 1276	-3279	-4868	 6338	 1788	-3680	 2132	  101	
13465	 9956	 4333	-4929	-5659	10740	-7991	 8907	-5381	 1950	-11368	-8047	 7170	 2628	 -108	-3031	-5356	 -661	 1210	 -744	 1774	 4247	-2118	   -0	-5658	 3127	 1852	  431	-2687	-5930	 5701	 1695	 1277	-3280	-4869	 6339	 1788	-3681	 2133	  101	
13470	 9959	 4334	-4931	-5660	10745	-7994	 8910	-5383	 1950	-11373	-8050	 7172	 2628	 -108	-3032	-5357	 -661	 1210	 -744	 1774	 4248	-2118	   -0	-5659	 3127	 1851	  431	-2687	-5932	 5702	 1696	 1277	-3280	-4870	 6340	 1789	-3682	 2133	  101	
13475	 9963	 4335	-4933	-5662	10749	-7996	 8914	-5385	 1950	-11377	-8053	 7173	 2629	 -108	-3033	-5358	 -662	 1210	 -744	 1774	 4249	-2118	    0	-5661	 3128	 1851	  432	-2687	-5933	 5702	 1696	 1277	-3281	-4871	 6341	 1789	-3683	 2134	  101	
13480	 9966	 4336	-4935	-5664	10753	-7998	 8917	-5386	 1950	-11381	-8056	 7174	 2630	 -108	-3033	-5358	 -662	 1211	 -744	 1774	 4250	-2118	    0	-5662	 3129	 1851	  432	-2688	-5935	 5703	 1697	 1278	-3282	-4872	 6342	 1790	-3683	 2135	  101	
13485	 9970	 4337	-4937	-5666	10758	-8000	 8920	-5388	 1949	-11385	-8059	 7176	 2630	 -108	-3034	-5359	 -663	 1211	 -744	 1774	 4251	-2119	    0	-5664	 3129	 1851	  432	-2688	-5936	 5704	 1698	 1278	-3283	-4873	 6342	 1790	-3684	 2136	  101	
13490	 9974	 4338	-4939	-5668	10762	-8002	 8923	-5390	 1949	-11389	-8062	 7177	 2631	 -108	-3035	-5360	 -663	 1211	 -744	 1774	 4252	-2119	    0	-5665	 3130	 1851	  432	-2688	-5937	 5705	 1698	 1279	-3283	-4874	 6343	 1791	-3685	 2136	  101	
13494	 9977	 4339	-4941	-5670	10766	-8005	 8927	-5392	 1949	-11393	-8065	 7179	 2631	 -108	-3035	-5361	 -663	 1211	 -744	 1774	 4253	-2119	    0	-5667	 3131	 1851	  432	-2689	-5939	 5706	 1699	 1279	-3284	-4875	 6344	 1791	-3686	 2137	  101	
13499	 9981	 4340	-4942	-5672	10771	-8007	 8930	-5394	 1949	-11398	-8068	 7180	 2632	 -108	-3036	-5361	 -664	 1211	 -744	 1774	 4254	-2119	    0	-5668	 3131	 1851	  432	-2689	-5940	 5706	 1699	 1280	-3285	-4876	 6345	 1792	-3686	 2138	  101	
13504	 9984	 4341	-4944	-5673	10775	-8009	 8933	-5395	 1949	-11402	-8070	 7181	 2633	 -108	-3037	-5362	 -664	 1212	 -743	 1774	 4255	-2119	    1	-5670	 3132	 1851	  433	-2689	-5941	 5707	 1700	 1280	-3286	-4877	 6346	 1793	-3687	 2139	  101	
13509	 9988	 4342	-4946	-5675	10779	-8011	 8936	-5397	 1948	-11406	-8073	 7183	 2633	 -108	-3038	-5363	 -664	 1212	 -743	 1774	 4256	-2120	    1	-5671	 3133	 1851	  433	-2690	-5943	 5708	 1700	 1280	-3286	-4878	 6347	 1793	-3688	 2139	  101	
13514	 9991	 4343	-4948	-5677	10783	-8013	 8939	-5399	 1948	-11410	-8076	 7184	 2634	 -108	-3038	-5364	 -665	 1212	 -743	 1774	 4257	-2120	    1	-5672	 3134	 1851	  433	-2690	-5944	 5709	 1701	 1281	-3287	-4879	 6348	 1794	-3688	 2140	  101	
