H1-O1 	H1-O2 	H1-O3 	H2-O1 	H2-O2 	H2-O3 	H3-O1 	H3-O2 	H3-O3 	H4-O1 	H4-O2 	H4-O3 	I1-H1 	I1-H2 	I1-H3 	I1-H4 	I2-H1 	I2-H2 	I2-H3 	I2-H4 	I3-H1 	I3-H2 	I3-H3 	I3-H4 	I4-H1 	I4-H2 	I4-H3 	I4-H4 	I5-H1 	I5-H2 	I5-H3 	I5-H4 	I6-H1 	I6-H2 	I6-H3 	I6-H4 	I7-H1 	I7-H2 	I7-H3 	I7-H4 	
13519	 9994	 4344	-4950	-5679	10787	-8015	 8943	-5401	 1948	-11414	-8079	 7186	 2634	 -108	-3039	-5364	 -665	 1212	 -743	 1774	 4258	-2120	    1	-5674	 3134	 1851	  433	-2691	-5945	 5709	 1701	 1281	-3288	-4880	 6348	 1794	-3689	 2141	  101	
13523	 9998	 4345	-4951	-5681	10791	-8017	 8946	-5402	 1948	-11418	-8082	 7187	 2635	 -108	-3040	-5365	 -666	 1213	 -743	 1774	 4259	-2120	    1	-5675	 3135	 1851	  433	-2691	-5947	 5710	 1702	 1282	-3288	-4881	 6349	 1795	-3690	 2141	  101	
13528	10001	 4346	-4953	-5682	10796	-8019	 8949	-5404	 1948	-11422	-8085	 7188	 2636	 -108	-3040	-5366	 -666	 1213	 -743	 1774	 4260	-2121	    1	-5676	 3136	 1851	  434	-2691	-5948	 5711	 1703	 1282	-3289	-4882	 6350	 1795	-3691	 2142	  101	
13533	10005	 4347	-4955	-5684	10800	-8021	 8952	-5406	 1947	-11426	-8088	 7190	 2636	 -108	-3041	-5366	 -666	 1213	 -743	 1774	 4261	-2121	    1	-5678	 3136	 1851	  434	-2692	-5949	 5712	 1703	 1282	-3290	-4883	 6351	 1796	-3691	 2143	  101	
13537	10008	 4347	-4957	-5686	10804	-8024	 8955	-5408	 1947	-11430	-8091	 7191	 2637	 -108	-3042	-5367	 -667	 1213	 -743	 1774	 4262	-2121	    1	-5679	 3137	 1851	  434	-2692	-5951	 5712	 1704	 1283	-3291	-4884	 6352	 1796	-3692	 2144	  101	
13542	10011	 4348	-4958	-5688	10808	-8026	 8958	-5409	 1947	-11434	-8093	 7192	 2637	 -108	-3042	-5368	 -667	 1213	 -743	 1774	 4263	-2121	    1	-5681	 3138	 1851	  434	-2692	-5952	 5713	 1704	 1283	-3291	-4884	 6353	 1797	-3693	 2144	  101	
13547	10015	 4349	-4960	-5689	10812	-8028	 8961	-5411	 1947	-11437	-8096	 7194	 2638	 -108	-3043	-5369	 -667	 1214	 -743	 1774	 4264	-2122	    1	-5682	 3138	 1851	  434	-2693	-5953	 5714	 1705	 1284	-3292	-4885	 6353	 1797	-3693	 2145	  101	
13551	10018	 4350	-4962	-5691	10816	-8030	 8964	-5413	 1947	-11441	-8099	 7195	 2638	 -108	-3044	-5369	 -668	 1214	 -743	 1774	 4264	-2122	    1	-5683	 3139	 1850	  434	-2693	-5954	 5715	 1705	 1284	-3293	-4886	 6354	 1798	-3694	 2146	  101	
13556	10021	 4351	-4964	-5693	10820	-8032	 8967	-5414	 1947	-11445	-8102	 7196	 2639	 -108	-3044	-5370	 -668	 1214	 -743	 1774	 4265	-2122	    1	-5685	 3140	 1850	  435	-2693	-5956	 5715	 1706	 1284	-3293	-4887	 6355	 1798	-3695	 2146	  101	
13560	10025	 4352	-4965	-5694	10824	-8034	 8970	-5416	 1946	-11449	-8104	 7198	 2640	 -108	-3045	-5371	 -668	 1214	 -743	 1774	 4266	-2122	    1	-5686	 3140	 1850	  435	-2694	-5957	 5716	 1706	 1285	-3294	-4888	 6356	 1799	-3695	 2147	  101	
13565	10028	 4353	-4967	-5696	10828	-8036	 8973	-5418	 1946	-11453	-8107	 7199	 2640	 -108	-3046	-5371	 -669	 1215	 -743	 1774	 4267	-2122	    2	-5687	 3141	 1850	  435	-2694	-5958	 5717	 1707	 1285	-3295	-4889	 6357	 1799	-3696	 2148	  101	
13570	10031	 4354	-4969	-5698	10832	-8038	 8976	-5419	 1946	-11457	-8110	 7200	 2641	 -108	-3046	-5372	 -669	 1215	 -743	 1775	 4268	-2123	    2	-5689	 3141	 1850	  435	-2694	-5960	 5718	 1707	 1286	-3295	-4890	 6357	 1800	-3697	 2149	  101	
13574	10034	 4355	-4970	-5700	10836	-8040	 8979	-5421	 1946	-11461	-8113	 7201	 2641	 -108	-3047	-5373	 -669	 1215	 -743	 1775	 4269	-2123	    2	-5690	 3142	 1850	  435	-2695	-5961	 5718	 1708	 1286	-3296	-4891	 6358	 1800	-3698	 2149	  101	
13579	10038	 4356	-4972	-5701	10839	-8042	 8982	-5423	 1946	-11464	-8115	 7203	 2642	 -108	-3047	-5373	 -670	 1215	 -743	 1775	 4270	-2123	    2	-5691	 3143	 1850	  435	-2695	-5962	 5719	 1708	 1286	-3297	-4892	 6359	 1801	-3698	 2150	  101	
13583	10041	 4357	-4974	-5703	10843	-8044	 8985	-5424	 1946	-11468	-8118	 7204	 2642	 -108	-3048	-5374	 -670	 1215	 -743	 1775	 4271	-2123	    2	-5692	 3143	 1850	  436	-2695	-5963	 5720	 1709	 1287	-3297	-4893	 6360	 1801	-3699	 2151	  101	
13587	10044	 4358	-4975	-5705	10847	-8046	 8988	-5426	 1945	-11472	-8121	 7205	 2643	 -108	-3049	-5375	 -670	 1216	 -743	 1775	 4272	-2123	    2	-5694	 3144	 1850	  436	-2696	-5964	 5721	 1709	 1287	-3298	-4894	 6361	 1802	-3700	 2151	  101	
13592	10047	 4358	-4977	-5706	10851	-8048	 8991	-5428	 1945	-11476	-8123	 7207	 2643	 -108	-3049	-5375	 -671	 1216	 -743	 1775	 4272	-2124	    2	-5695	 3145	 1850	  436	-2696	-5966	 5721	 1710	 1288	-3299	-4895	 6361	 1802	-3700	 2152	  101	
13596	10050	 4359	-4979	-5708	10855	-8049	 8994	-5429	 1945	-11479	-8126	 7208	 2644	 -108	-3050	-5376	 -671	 1216	 -743	 1775	 4273	-2124	    2	-5696	 3145	 1850	  436	-2696	-5967	 5722	 1710	 1288	-3299	-4895	 6362	 1803	-3701	 2153	  101	
13601	10053	 4360	-4980	-5709	10859	-8051	 8997	-5431	 1945	-11483	-8129	 7209	 2644	 -109	-3051	-5377	 -671	 1216	 -743	 1775	 4274	-2124	    2	-5698	 3146	 1850	  436	-2697	-5968	 5723	 1711	 1288	-3300	-4896	 6363	 1803	-3702	 2153	  101	
13605	10057	 4361	-4982	-5711	10863	-8053	 8999	-5432	 1945	-11487	-8131	 7210	 2645	 -109	-3051	-5377	 -672	 1216	 -743	 1775	 4275	-2124	    2	-5699	 3146	 1850	  436	-2697	-5969	 5723	 1711	 1289	-3301	-4897	 6364	 1804	-3702	 2154	  101	
13609	10060	 4362	-4984	-5713	10866	-8055	 9002	-5434	 1944	-11490	-8134	 7212	 2645	 -109	-3052	-5378	 -672	 1217	 -743	 1775	 4276	-2124	    2	-5700	 3147	 1850	  437	-2697	-5971	 5724	 1712	 1289	-3301	-4898	 6364	 1804	-3703	 2155	  101	
13614	10063	 4363	-4985	-5714	10870	-8057	 9005	-5435	 1944	-11494	-8136	 7213	 2646	 -109	-3052	-5379	 -672	 1217	 -743	 1775	 4277	-2125	    2	-5701	 3148	 1850	  437	-2698	-5972	 5725	 1712	 1289	-3302	-4899	 6365	 1805	-3703	 2155	  101	
13618	10066	 4364	-4987	-5716	10874	-8059	 9008	-5437	 1944	-11498	-8139	 7214	 2647	 -109	-3053	-5379	 -673	 1217	 -743	 1775	 4278	-2125	    2	-5703	 3148	 1850	  437	-2698	-5973	 5725	 1713	 1290	-3303	-4900	 6366	 1805	-3704	 2156	  101	
13622	10069	 4364	-4988	-5718	10878	-8061	 9011	-5439	 1944	-11501	-8142	 7215	 2647	 -109	-3054	-5380	 -673	 1217	 -743	 1775	 4278	-2125	    3	-5704	 3149	 1850	  437	-2698	-5974	 5726	 1713	 1290	-3303	-4901	 6367	 1806	-3705	 2157	  101	
13626	10072	 4365	-4990	-5719	10881	-8063	 9014	-5440	 1944	-11505	-8144	 7216	 2648	 -109	-3054	-5380	 -673	 1217	 -743	 1775	 4279	-2125	    3	-5705	 3150	 1849	  437	-2699	-5975	 5727	 1714	 1290	-3304	-4902	 6367	 1806	-3705	 2157	  101	
13631	10075	 4366	-4992	-5721	10885	-8065	 9016	-5442	 1944	-11508	-8147	 7218	 2648	 -109	-3055	-5381	 -674	 1218	 -743	 1775	 4280	-2125	    3	-5706	 3150	 1849	  437	-2699	-5976	 5728	 1714	 1291	-3304	-4902	 6368	 1807	-3706	 2158	  101	
13635	10078	 4367	-4993	-5722	10889	-8067	 9019	-5443	 1943	-11512	-8149	 7219	 2649	 -109	-3056	-5382	 -674	 1218	 -743	 1775	 4281	-2126	    3	-5708	 3151	 1849	  437	-2699	-5978	 5728	 1715	 1291	-3305	-4903	 6369	 1807	-3707	 2159	  101	
13639	10081	 4368	-4995	-5724	10892	-8068	 9022	-5445	 1943	-11515	-8152	 7220	 2649	 -109	-3056	-5382	 -674	 1218	 -743	 1775	 4282	-2126	    3	-5709	 3151	 1849	  438	-2699	-5979	 5729	 1715	 1292	-3306	-4904	 6370	 1808	-3707	 2159	  101	
13643	10084	 4369	-4996	-5725	10896	-8070	 9025	-5446	 1943	-11519	-8154	 7221	 2650	 -109	-3057	-5383	 -675	 1218	 -742	 1775	 4283	-2126	    3	-5710	 3152	 1849	  438	-2700	-5980	 5730	 1716	 1292	-3306	-4905	 6370	 1808	-3708	 2160	  101	
13647	10087	 4370	-4998	-5727	10900	-8072	 9027	-5448	 1943	-11522	-8157	 7222	 2650	 -109	-3057	-5384	 -675	 1218	 -742	 1775	 4283	-2126	    3	-5711	 3152	 1849	  438	-2700	-5981	 5730	 1716	 1292	-3307	-4906	 6371	 1809	-3709	 2161	  101	
13652	10090	 4370	-4999	-5729	10903	-8074	 9030	-5449	 1943	-11526	-8159	 7224	 2651	 -109	-3058	-5384	 -675	 1218	 -742	 1775	 4284	-2126	    3	-5712	 3153	 1849	  438	-2700	-5982	 5731	 1717	 1293	-3308	-4907	 6372	 1809	-3709	 2161	  101	
13656	10093	 4371	-5001	-5730	10907	-8076	 9033	-5451	 1943	-11529	-8162	 7225	 2651	 -109	-3058	-5385	 -676	 1219	 -742	 1775	 4285	-2127	    3	-5714	 3154	 1849	  438	-2701	-5983	 5732	 1717	 1293	-3308	-4907	 6373	 1810	-3710	 2162	  101	
13660	10096	 4372	-5003	-5732	10910	-8078	 9036	-5452	 1942	-11533	-8164	 7226	 2652	 -109	-3059	-5385	 -676	 1219	 -742	 1775	 4286	-2127	    3	-5715	 3154	 1849	  438	-2701	-5984	 5732	 1718	 1293	-3309	-4908	 6373	 1810	-3710	 2162	  101	
13664	10099	 4373	-5004	-5733	10914	-8079	 9038	-5454	 1942	-11536	-8167	 7227	 2652	 -109	-3060	-5386	 -676	 1219	 -742	 1775	 4287	-2127	    3	-5716	 3155	 1849	  439	-2701	-5986	 5733	 1718	 1294	-3309	-4909	 6374	 1810	-3711	 2163	  100	
13668	10102	 4374	-5006	-5735	10918	-8081	 9041	-5455	 1942	-11540	-8169	 7228	 2653	 -109	-3060	-5387	 -677	 1219	 -742	 1775	 4287	-2127	    3	-5717	 3155	 1849	  439	-2702	-5987	 5734	 1719	 1294	-3310	-4910	 6375	 1811	-3712	 2164	  100	
13672	10105	 4374	-5007	-5736	10921	-8083	 9044	-5457	 1942	-11543	-8172	 7229	 2653	 -109	-3061	-5387	 -677	 1219	 -742	 1775	 4288	-2127	    3	-5718	 3156	 1849	  439	-2702	-5988	 5734	 1719	 1294	-3311	-4911	 6375	 1811	-3712	 2164	  100	
13676	10108	 4375	-5009	-5738	10925	-8085	 9046	-5458	 1942	-11547	-8174	 7231	 2654	 -109	-3061	-5388	 -677	 1220	 -742	 1775	 4289	-2128	    4	-5719	 3157	 1849	  439	-2702	-5989	 5735	 1720	 1295	-3311	-4912	 6376	 1812	-3713	 2165	  100	
13680	10111	 4376	-5010	-5739	10928	-8087	 9049	-5460	 1942	-11550	-8177	 7232	 2654	 -109	-3062	-5388	 -677	 1220	 -742	 1775	 4290	-2128	    4	-5721	 3157	 1849	  439	-2702	-5990	 5735	 1720	 1295	-3312	-4912	 6377	 1812	-3713	 2166	  100	
13684	10114	 4377	-5012	-5741	10932	-8088	 9052	-5461	 1941	-11553	-8179	 7233	 2655	 -109	-3063	-5389	 -678	 1220	 -742	 1775	 4291	-2128	    4	-5722	 3158	 1849	  439	-2703	-5991	 5736	 1720	 1295	-3312	-4913	 6377	 1813	-3714	 2166	  100	
13688	10116	 4378	-5013	-5742	10935	-8090	 9054	-5463	 1941	-11557	-8181	 7234	 2655	 -109	-3063	-5390	 -678	 1220	 -742	 1775	 4291	-2128	    4	-5723	 3158	 1849	  439	-2703	-5992	 5737	 1721	 1296	-3313	-4914	 6378	 1813	-3715	 2167	  100	
13692	10119	 4378	-5015	-5744	10939	-8092	 9057	-5464	 1941	-11560	-8184	 7235	 2656	 -109	-3064	-5390	 -678	 1220	 -742	 1775	 4292	-2128	    4	-5724	 3159	 1849	  440	-2703	-5993	 5737	 1721	 1296	-3314	-4915	 6379	 1814	-3715	 2167	  100	
13696	10122	 4379	-5016	-5745	10942	-8094	 9060	-5466	 1941	-11563	-8186	 7236	 2656	 -109	-3064	-5391	 -679	 1221	 -742	 1775	 4293	-2129	    4	-5725	 3159	 1848	  440	-2704	-5994	 5738	 1722	 1296	-3314	-4916	 6380	 1814	-3716	 2168	  100	
13700	10125	 4380	-5018	-5747	10946	-8095	 9062	-5467	 1941	-11567	-8189	 7237	 2657	 -109	-3065	-5391	 -679	 1221	 -742	 1775	 4294	-2129	    4	-5726	 3160	 1848	  440	-2704	-5996	 5739	 1722	 1297	-3315	-4916	 6380	 1814	-3716	 2169	  100	
13704	10128	 4381	-5019	-5748	10949	-8097	 9065	-5469	 1941	-11570	-8191	 7238	 2657	 -109	-3065	-5392	 -679	 1221	 -742	 1775	 4294	-2129	    4	-5727	 3160	 1848	  440	-2704	-5997	 5739	 1723	 1297	-3315	-4917	 6381	 1815	-3717	 2169	  100	
13708	10131	 4382	-5020	-5749	10952	-8099	 9067	-5470	 1941	-11573	-8193	 7239	 2658	 -109	-3066	-5393	 -680	 1221	 -742	 1775	 4295	-2129	    4	-5729	 3161	 1848	  440	-2705	-5998	 5740	 1723	 1297	-3316	-4918	 6382	 1815	-3717	 2170	  100	
13712	10133	 4382	-5022	-5751	10956	-8100	 9070	-5471	 1940	-11577	-8196	 7241	 2658	 -109	-3066	-5393	 -680	 1221	 -742	 1775	 4296	-2129	    4	-5730	 3162	 1848	  440	-2705	-5999	 5741	 1724	 1298	-3317	-4919	 6382	 1816	-3718	 2170	  100	
13716	10136	 4383	-5023	-5752	10959	-8102	 9072	-5473	 1940	-11580	-8198	 7242	 2658	 -109	-3067	-5394	 -680	 1221	 -742	 1775	 4297	-2129	    4	-5731	 3162	 1848	  440	-2705	-6000	 5741	 1724	 1298	-3317	-4919	 6383	 1816	-3719	 2171	  100	
13720	10139	 4384	-5025	-5754	10963	-8104	 9075	-5474	 1940	-11583	-8200	 7243	 2659	 -109	-3068	-5394	 -680	 1222	 -742	 1775	 4297	-2130	    4	-5732	 3163	 1848	  441	-2705	-6001	 5742	 1725	 1298	-3318	-4920	 6384	 1817	-3719	 2172	  100	
13723	10142	 4385	-5026	-5755	10966	-8106	 9078	-5476	 1940	-11586	-8203	 7244	 2659	 -109	-3068	-5395	 -681	 1222	 -742	 1775	 4298	-2130	    4	-5733	 3163	 1848	  441	-2706	-6002	 5742	 1725	 1299	-3318	-4921	 6384	 1817	-3720	 2172	  100	
13727	10144	 4385	-5028	-5757	10969	-8107	 9080	-5477	 1940	-11590	-8205	 7245	 2660	 -109	-3069	-5395	 -681	 1222	 -742	 1775	 4299	-2130	    4	-5734	 3164	 1848	  441	-2706	-6003	 5743	 1725	 1299	-3319	-4922	 6385	 1817	-3720	 2173	  100	
13731	10147	 4386	-5029	-5758	10973	-8109	 9083	-5478	 1940	-11593	-8207	 7246	 2660	 -109	-3069	-5396	 -681	 1222	 -742	 1776	 4300	-2130	    4	-5735	 3164	 1848	  441	-2706	-6004	 5744	 1726	 1299	-3319	-4923	 6386	 1818	-3721	 2173	  100	
13735	10150	 4387	-5031	-5759	10976	-8111	 9085	-5480	 1939	-11596	-8210	 7247	 2661	 -109	-3070	-5396	 -682	 1222	 -742	 1776	 4300	-2130	    5	-5736	 3165	 1848	  441	-2707	-6005	 5744	 1726	 1300	-3320	-4923	 6386	 1818	-3721	 2174	  100	
13739	10153	 4388	-5032	-5761	10979	-8112	 9088	-5481	 1939	-11599	-8212	 7248	 2661	 -109	-3070	-5397	 -682	 1222	 -742	 1776	 4301	-2130	    5	-5737	 3165	 1848	  441	-2707	-6006	 5745	 1727	 1300	-3321	-4924	 6387	 1819	-3722	 2175	  100	
13742	10155	 4389	-5033	-5762	10982	-8114	 9090	-5483	 1939	-11603	-8214	 7249	 2662	 -109	-3071	-5398	 -682	 1223	 -742	 1776	 4302	-2131	    5	-5738	 3166	 1848	  441	-2707	-6007	 5745	 1727	 1300	-3321	-4925	 6388	 1819	-3723	 2175	  100	
13746	10158	 4389	-5035	-5764	10986	-8116	 9093	-5484	 1939	-11606	-8216	 7250	 2662	 -109	-3071	-5398	 -682	 1223	 -742	 1776	 4303	-2131	    5	-5740	 3166	 1848	  441	-2707	-6008	 5746	 1728	 1301	-3322	-4926	 6388	 1820	-3723	 2176	  100	
13750	10161	 4390	-5036	-5765	10989	-8117	 9095	-5485	 1939	-11609	-8219	 7251	 2663	 -109	-3072	-5399	 -683	 1223	 -742	 1776	 4303	-2131	    5	-5741	 3167	 1848	  442	-2708	-6009	 5747	 1728	 1301	-3322	-4926	 6389	 1820	-3724	 2176	  100	
13754	10163	 4391	-5038	-5766	10992	-8119	 9098	-5487	 1939	-11612	-8221	 7252	 2663	 -109	-3072	-5399	 -683	 1223	 -742	 1776	 4304	-2131	    5	-5742	 3167	 1848	  442	-2708	-6010	 5747	 1728	 1301	-3323	-4927	 6390	 1820	-3724	 2177	  100	
13757	10166	 4391	-5039	-5768	10996	-8121	 9100	-5488	 1938	-11615	-8223	 7253	 2664	 -109	-3073	-5400	 -683	 1223	 -742	 1776	 4305	-2131	    5	-5743	 3168	 1848	  442	-2708	-6011	 5748	 1729	 1302	-3323	-4928	 6390	 1821	-3725	 2177	  100	
13761	10169	 4392	-5040	-5769	10999	-8122	 9102	-5489	 1938	-11618	-8225	 7254	 2664	 -109	-3073	-5400	 -684	 1223	 -742	 1776	 4306	-2132	    5	-5744	 3168	 1848	  442	-2708	-6012	 5748	 1729	 1302	-3324	-4929	 6391	 1821	-3725	 2178	  100	
13765	10171	 4393	-5042	-5771	11002	-8124	 9105	-5491	 1938	-11621	-8228	 7256	 2664	 -109	-3074	-5401	 -684	 1224	 -742	 1776	 4306	-2132	    5	-5745	 3169	 1847	  442	-2709	-6013	 5749	 1730	 1302	-3324	-4929	 6392	 1822	-3726	 2179	  100	
13768	10174	 4394	-5043	-5772	11005	-8125	 9107	-5492	 1938	-11624	-8230	 7257	 2665	 -109	-3074	-5401	 -684	 1224	 -742	 1776	 4307	-2132	    5	-5746	 3169	 1847	  442	-2709	-6014	 5750	 1730	 1303	-3325	-4930	 6392	 1822	-3726	 2179	  100	
13772	10176	 4394	-5044	-5773	11008	-8127	 9110	-5494	 1938	-11628	-8232	 7258	 2665	 -109	-3075	-5402	 -684	 1224	 -741	 1776	 4308	-2132	    5	-5747	 3170	 1847	  442	-2709	-6015	 5750	 1731	 1303	-3326	-4931	 6393	 1822	-3727	 2180	  100	
13776	10179	 4395	-5046	-5775	11012	-8129	 9112	-5495	 1938	-11631	-8234	 7259	 2666	 -109	-3075	-5403	 -685	 1224	 -741	 1776	 4308	-2132	    5	-5748	 3170	 1847	  443	-2710	-6016	 5751	 1731	 1303	-3326	-4932	 6393	 1823	-3728	 2180	  100	
13779	10182	 4396	-5047	-5776	11015	-8130	 9115	-5496	 1938	-11634	-8236	 7260	 2666	 -109	-3076	-5403	 -685	 1224	 -741	 1776	 4309	-2132	    5	-5749	 3171	 1847	  443	-2710	-6017	 5751	 1731	 1303	-3327	-4932	 6394	 1823	-3728	 2181	  100	
13783	10184	 4397	-5049	-5777	11018	-8132	 9117	-5498	 1937	-11637	-8239	 7261	 2667	 -109	-3077	-5404	 -685	 1224	 -741	 1776	 4310	-2133	    5	-5750	 3171	 1847	  443	-2710	-6018	 5752	 1732	 1304	-3327	-4933	 6395	 1824	-3729	 2181	  100	
13787	10187	 4397	-5050	-5779	11021	-8134	 9119	-5499	 1937	-11640	-8241	 7262	 2667	 -109	-3077	-5404	 -685	 1225	 -741	 1776	 4311	-2133	    5	-5751	 3172	 1847	  443	-2710	-6019	 5753	 1732	 1304	-3328	-4934	 6395	 1824	-3729	 2182	  100	
13790	10189	 4398	-5051	-5780	11024	-8135	 9122	-5500	 1937	-11643	-8243	 7263	 2667	 -109	-3078	-5405	 -686	 1225	 -741	 1776	 4311	-2133	    5	-5752	 3172	 1847	  443	-2711	-6020	 5753	 1733	 1304	-3328	-4934	 6396	 1824	-3730	 2183	  100	
13794	10192	 4399	-5053	-5781	11027	-8137	 9124	-5501	 1937	-11646	-8245	 7264	 2668	 -109	-3078	-5405	 -686	 1225	 -741	 1776	 4312	-2133	    6	-5753	 3173	 1847	  443	-2711	-6021	 5754	 1733	 1305	-3329	-4935	 6397	 1825	-3730	 2183	  100	
13797	10195	 4399	-5054	-5783	11030	-8138	 9126	-5503	 1937	-11649	-8247	 7265	 2668	 -109	-3079	-5406	 -686	 1225	 -741	 1776	 4313	-2133	    6	-5754	 3173	 1847	  443	-2711	-6022	 5754	 1733	 1305	-3329	-4936	 6397	 1825	-3731	 2184	  100	
13801	10197	 4400	-5055	-5784	11034	-8140	 9129	-5504	 1937	-11652	-8249	 7266	 2669	 -109	-3079	-5406	 -686	 1225	 -741	 1776	 4313	-2133	    6	-5755	 3174	 1847	  443	-2711	-6023	 5755	 1734	 1305	-3330	-4937	 6398	 1826	-3731	 2184	  100	
13804	10200	 4401	-5057	-5785	11037	-8141	 9131	-5505	 1936	-11655	-8252	 7267	 2669	 -109	-3080	-5407	 -687	 1225	 -741	 1776	 4314	-2133	    6	-5756	 3174	 1847	  444	-2712	-6024	 5755	 1734	 1306	-3330	-4937	 6398	 1826	-3732	 2185	  100	
13808	10202	 4402	-5058	-5787	11040	-8143	 9133	-5507	 1936	-11658	-8254	 7268	 2670	 -109	-3080	-5407	 -687	 1225	 -741	 1776	 4315	-2134	    6	-5757	 3175	 1847	  444	-2712	-6025	 5756	 1735	 1306	-3331	-4938	 6399	 1826	-3732	 2185	  100	
13811	10205	 4402	-5059	-5788	11043	-8144	 9136	-5508	 1936	-11661	-8256	 7269	 2670	 -109	-3081	-5408	 -687	 1226	 -741	 1776	 4315	-2134	    6	-5758	 3175	 1847	  444	-2712	-6026	 5756	 1735	 1306	-3331	-4939	 6400	 1827	-3733	 2186	  100	
13815	10207	 4403	-5060	-5789	11046	-8146	 9138	-5509	 1936	-11664	-8258	 7270	 2670	 -109	-3081	-5408	 -688	 1226	 -741	 1776	 4316	-2134	    6	-5759	 3176	 1847	  444	-2712	-6027	 5757	 1735	 1306	-3332	-4939	 6400	 1827	-3733	 2186	  100	
13818	10210	 4404	-5062	-5790	11049	-8148	 9140	-5511	 1936	-11667	-8260	 7271	 2671	 -109	-3082	-5409	 -688	 1226	 -741	 1776	 4317	-2134	    6	-5760	 3176	 1847	  444	-2713	-6028	 5758	 1736	 1307	-3332	-4940	 6401	 1828	-3734	 2187	  100	
13822	10212	 4404	-5063	-5792	11052	-8149	 9143	-5512	 1936	-11670	-8262	 7272	 2671	 -109	-3082	-5409	 -688	 1226	 -741	 1776	 4317	-2134	    6	-5761	 3177	 1847	  444	-2713	-6029	 5758	 1736	 1307	-3333	-4941	 6401	 1828	-3734	 2187	  100	
13825	10215	 4405	-5064	-5793	11055	-8151	 9145	-5513	 1936	-11672	-8264	 7272	 2672	 -109	-3083	-5410	 -688	 1226	 -741	 1776	 4318	-2134	    6	-5762	 3177	 1846	  444	-2713	-6030	 5759	 1737	 1307	-3333	-4941	 6402	 1828	-3735	 2188	  100	
13829	10217	 4406	-5066	-5794	11058	-8152	 9147	-5514	 1935	-11675	-8266	 7273	 2672	 -109	-3083	-5410	 -689	 1226	 -741	 1776	 4319	-2135	    6	-5763	 3178	 1846	  444	-2713	-6031	 5759	 1737	 1308	-3334	-4942	 6403	 1829	-3735	 2188	  100	
13832	10219	 4406	-5067	-5796	11061	-8154	 9150	-5516	 1935	-11678	-8268	 7274	 2673	 -109	-3083	-5411	 -689	 1227	 -741	 1776	 4319	-2135	    6	-5764	 3178	 1846	  445	-2714	-6032	 5760	 1737	 1308	-3334	-4943	 6403	 1829	-3736	 2189	  100	
13836	10222	 4407	-5068	-5797	11064	-8155	 9152	-5517	 1935	-11681	-8270	 7275	 2673	 -109	-3084	-5411	 -689	 1227	 -741	 1776	 4320	-2135	    6	-5765	 3179	 1846	  445	-2714	-6033	 5760	 1738	 1308	-3335	-4944	 6404	 1829	-3736	 2190	  100	
13839	10224	 4408	-5069	-5798	11067	-8157	 9154	-5518	 1935	-11684	-8272	 7276	 2673	 -109	-3084	-5412	 -689	 1227	 -741	 1776	 4321	-2135	    6	-5766	 3179	 1846	  445	-2714	-6034	 5761	 1738	 1309	-3335	-4944	 6404	 1830	-3737	 2190	  100	
13842	10227	 4408	-5071	-5799	11070	-8158	 9156	-5519	 1935	-11687	-8274	 7277	 2674	 -109	-3085	-5412	 -690	 1227	 -741	 1776	 4321	-2135	    6	-5767	 3180	 1846	  445	-2714	-6034	 5761	 1739	 1309	-3336	-4945	 6405	 1830	-3737	 2191	  100	
13846	10229	 4409	-5072	-5801	11073	-8160	 9159	-5521	 1935	-11690	-8277	 7278	 2674	 -109	-3085	-5413	 -690	 1227	 -741	 1776	 4322	-2135	    6	-5768	 3180	 1846	  445	-2715	-6035	 5762	 1739	 1309	-3336	-4946	 6406	 1831	-3738	 2191	  100	
13849	10232	 4410	-5073	-5802	11076	-8161	 9161	-5522	 1935	-11693	-8279	 7279	 2675	 -109	-3086	-5413	 -690	 1227	 -741	 1776	 4323	-2135	    7	-5769	 3181	 1846	  445	-2715	-6036	 5762	 1739	 1309	-3337	-4946	 6406	 1831	-3738	 2192	  100	
13853	10234	 4410	-5075	-5803	11079	-8163	 9163	-5523	 1934	-11695	-8281	 7280	 2675	 -109	-3086	-5414	 -690	 1227	 -741	 1776	 4323	-2136	    7	-5770	 3181	 1846	  445	-2715	-6037	 5763	 1740	 1310	-3337	-4947	 6407	 1831	-3739	 2192	  100	
13856	10236	 4411	-5076	-5804	11082	-8164	 9165	-5524	 1934	-11698	-8283	 7281	 2675	 -109	-3087	-5414	 -691	 1228	 -741	 1776	 4324	-2136	    7	-5771	 3182	 1846	  445	-2715	-6038	 5764	 1740	 1310	-3338	-4948	 6407	 1832	-3739	 2193	  100	
13859	10239	 4412	-5077	-5806	11085	-8166	 9167	-5526	 1934	-11701	-8285	 7282	 2676	 -109	-3087	-5415	 -691	 1228	 -741	 1776	 4325	-2136	    7	-5772	 3182	 1846	  445	-2716	-6039	 5764	 1740	 1310	-3338	-4948	 6408	 1832	-3740	 2193	  100	
13863	10241	 4412	-5078	-5807	11088	-8167	 9170	-5527	 1934	-11704	-8287	 7283	 2676	 -110	-3088	-5415	 -691	 1228	 -741	 1776	 4325	-2136	    7	-5773	 3183	 1846	  446	-2716	-6040	 5765	 1741	 1310	-3339	-4949	 6408	 1832	-3740	 2194	  100	
13866	10244	 4413	-5080	-5808	11090	-8169	 9172	-5528	 1934	-11707	-8289	 7284	 2677	 -110	-3088	-5416	 -691	 1228	 -741	 1776	 4326	-2136	    7	-5774	 3183	 1846	  446	-2716	-6041	 5765	 1741	 1311	-3339	-4950	 6409	 1833	-3741	 2194	  100	
13869	10246	 4414	-5081	-5809	11093	-8170	 9174	-5529	 1934	-11709	-8291	 7285	 2677	 -110	-3089	-5416	 -692	 1228	 -741	 1776	 4327	-2136	    7	-5775	 3183	 1846	  446	-2716	-6042	 5766	 1742	 1311	-3340	-4950	 6410	 1833	-3741	 2195	  100	
13873	10248	 4414	-5082	-5811	11096	-8171	 9176	-5530	 1934	-11712	-8293	 7286	 2677	 -110	-3089	-5417	 -692	 1228	 -741	 1776	 4327	-2137	    7	-5776	 3184	 1846	  446	-2717	-6043	 5766	 1742	 1311	-3340	-4951	 6410	 1833	-3742	 2195	  100	
13876	10251	 4415	-5083	-5812	11099	-8173	 9178	-5532	 1933	-11715	-8295	 7287	 2678	 -110	-3090	-5417	 -692	 1228	 -741	 1776	 4328	-2137	    7	-5776	 3184	 1846	  446	-2717	-6044	 5767	 1742	 1312	-3341	-4952	 6411	 1834	-3742	 2196	  100	
13879	10253	 4416	-5084	-5813	11102	-8174	 9181	-5533	 1933	-11718	-8297	 7287	 2678	 -110	-3090	-5418	 -692	 1229	 -741	 1776	 4329	-2137	    7	-5777	 3185	 1846	  446	-2717	-6044	 5767	 1743	 1312	-3341	-4952	 6411	 1834	-3743	 2196	  100	
13882	10255	 4416	-5086	-5814	11105	-8176	 9183	-5534	 1933	-11720	-8299	 7288	 2679	 -110	-3091	-5418	 -693	 1229	 -741	 1776	 4329	-2137	    7	-5778	 3185	 1846	  446	-2717	-6045	 5768	 1743	 1312	-3342	-4953	 6412	 1835	-3743	 2197	  100	
13886	10258	 4417	-5087	-5815	11108	-8177	 9185	-5535	 1933	-11723	-8301	 7289	 2679	 -110	-3091	-5419	 -693	 1229	 -741	 1776	 4330	-2137	    7	-5779	 3186	 1845	  446	-2718	-6046	 5768	 1743	 1312	-3342	-4953	 6412	 1835	-3744	 2197	  100	
13889	10260	 4418	-5088	-5817	11111	-8179	 9187	-5536	 1933	-11726	-8302	 7290	 2679	 -110	-3091	-5419	 -693	 1229	 -741	 1776	 4330	-2137	    7	-5780	 3186	 1845	  447	-2718	-6047	 5769	 1744	 1313	-3343	-4954	 6413	 1835	-3744	 2198	  100	
13892	10262	 4418	-5089	-5818	11113	-8180	 9189	-5538	 1933	-11729	-8304	 7291	 2680	 -110	-3092	-5420	 -693	 1229	 -740	 1776	 4331	-2137	    7	-5781	 3187	 1845	  447	-2718	-6048	 5769	 1744	 1313	-3343	-4955	 6413	 1836	-3745	 2198	  100	
13895	10264	 4419	-5090	-5819	11116	-8182	 9191	-5539	 1933	-11731	-8306	 7292	 2680	 -110	-3092	-5420	 -693	 1229	 -740	 1777	 4332	-2138	    7	-5782	 3187	 1845	  447	-2718	-6049	 5770	 1745	 1313	-3344	-4955	 6414	 1836	-3745	 2199	  100	
13898	10267	 4419	-5092	-5820	11119	-8183	 9193	-5540	 1932	-11734	-8308	 7293	 2681	 -110	-3093	-5421	 -694	 1229	 -740	 1777	 4332	-2138	    7	-5783	 3188	 1845	  447	-2718	-6050	 5770	 1745	 1313	-3344	-4956	 6415	 1836	-3746	 2199	  100	
13902	10269	 4420	-5093	-5821	11122	-8184	 9195	-5541	 1932	-11737	-8310	 7294	 2681	 -110	-3093	-5421	 -694	 1230	 -740	 1777	 4333	-2138	    7	-5784	 3188	 1845	  447	-2719	-6051	 5771	 1745	 1314	-3345	-4957	 6415	 1837	-3746	 2200	  100	
