H1-O1 	H1-O2 	H1-O3 	H1-O4 	H2-O1 	H2-O2 	H2-O3 	H2-O4 	H3-O1 	H3-O2 	H3-O3 	H3-O4 	H4-O1 	H4-O2 	H4-O3 	H4-O4 	H5-O1 	H5-O2 	H5-O3 	H5-O4 	H6-O1 	H6-O2 	H6-O3 	H6-O4 	I1-H1 	I1-H2 	I1-H3 	I1-H4 	I1-H5 	I1-H6 	I2-H1 	I2-H2 	I2-H3 	I2-H4 	I2-H5 	I2-H6 	I3-H1 	I3-H2 	I3-H3 	I3-H4 	I3-H5 	I3-H6 	I4-H1 	I4-H2 	I4-H3 	I4-H4 	I4-H5 	I4-H6 	I5-H1 	I5-H2 	I5-H3 	I5-H4 	I5-H5 	I5-H6 	I6-H1 	I6-H2 	I6-H3 	I6-H4 	I6-H5 	I6-H6 	I7-H1 	I7-H2 	I7-H3 	I7-H4 	I7-H5 	I7-H6 	
-5451	 7570	 7604	 3894	 3702	-5928	 2212	-5069	 4668	-6524	-3047	 8357	-4533	 3808	-9751	-6034	-7899	 -767	 2793	  719	 6936	 9452	 7416	 6171	 2852	 1946	-3597	-6931	 2265	-5972	-7634	  515	 -372	-2743	 2640	-3194	 5388	-5316	 1784	 2446	-1780	-1947	-2120	   91	 7994	 4220	  -65	-1244	-1405	 4209	-5757	 1112	-1162	 6303	-2333	 2315	-1524	 4914	-5815	 1184	 1585	 -225	-2297	-2591	 -938	 1358	
-6057	 8179	 8693	 4551	 4266	-6894	 2264	-5638	 5014	-7115	-3347	 8829	-4843	 4095	-10656	-6540	-8785	 -913	 3032	  853	 7472	10452	 7851	 6392	 3114	 2044	-3972	-7297	 2351	-6226	-8203	  634	 -566	-3137	 2818	-3206	 5743	-5700	 1961	 2845	-1973	-2038	-2352	  153	 8374	 4280	 -113	-1355	-1403	 4549	-6202	 1166	-1261	 6664	-2439	 2601	-1734	 5303	-6253	 1277	 1748	 -522	-2107	-2806	 -805	 1311	
-6435	 8519	 9335	 4922	 4577	-7457	 2294	-5973	 5303	-7389	-3515	 9095	-5011	 4223	-11182	-6809	-9286	-1014	 3176	  940	 7695	11088	 8070	 6494	 3249	 2067	-4186	-7478	 2385	-6356	-8499	  679	 -719	-3336	 2923	-3214	 5916	-5901	 2081	 3060	-2058	-2099	-2469	  202	 8596	 4304	 -141	-1422	-1412	 4755	-6472	 1202	-1317	 6861	-2475	 2761	-1900	 5546	-6483	 1342	 1832	 -691	-1935	-2956	 -720	 1294	
-6701	 8754	 9780	 5179	 4786	-7837	 2323	-6208	 5540	-7569	-3632	 9278	-5139	 4314	-11551	-6995	-9633	-1090	 3280	 1002	 7830	11544	 8219	 6563	 3337	 2070	-4330	-7595	 2403	-6444	-8700	  698	 -832	-3466	 2998	-3225	 6034	-6034	 2173	 3209	-2106	-2143	-2543	  235	 8758	 4324	 -163	-1471	-1428	 4899	-6661	 1230	-1357	 6994	-2495	 2871	-2029	 5722	-6636	 1391	 1886	 -800	-1807	-3077	 -661	 1292	
-6903	 8932	10116	 5377	 4941	-8118	 2352	-6387	 5735	-7705	-3722	 9417	-5244	 4387	-11835	-7138	-9897	-1149	 3360	 1048	 7927	11894	 8334	 6616	 3402	 2067	-4437	-7680	 2414	-6511	-8851	  706	 -920	-3562	 3056	-3237	 6126	-6131	 2250	 3321	-2139	-2179	-2597	  258	 8884	 4340	 -180	-1509	-1444	 5008	-6804	 1252	-1389	 7092	-2508	 2954	-2133	 5858	-6749	 1430	 1925	 -877	-1711	-3176	 -617	 1297	
-7065	 9076	10383	 5537	 5065	-8338	 2380	-6531	 5898	-7815	-3795	 9529	-5332	 4449	-12066	-7255	-10109	-1196	 3426	 1085	 8001	12177	 8428	 6661	 3453	 2063	-4520	-7747	 2421	-6565	-8972	  710	 -989	-3638	 3103	-3250	 6202	-6206	 2315	 3410	-2163	-2209	-2639	  275	 8987	 4356	 -195	-1539	-1461	 5095	-6918	 1271	-1415	 7169	-2518	 3022	-2221	 5967	-6839	 1462	 1955	 -936	-1637	-3260	 -583	 1304	
-7199	 9197	10604	 5672	 5166	-8519	 2407	-6651	 6037	-7908	-3856	 9622	-5409	 4503	-12259	-7354	-10286	-1235	 3483	 1114	 8063	12412	 8508	 6699	 3494	 2059	-4589	-7802	 2426	-6611	-9074	  711	-1046	-3700	 3142	-3262	 6267	-6268	 2372	 3484	-2182	-2235	-2673	  287	 9073	 4369	 -208	-1565	-1476	 5166	-7013	 1286	-1438	 7233	-2526	 3078	-2295	 6059	-6913	 1488	 1979	 -984	-1576	-3332	 -554	 1313	
-7313	 9300	10792	 5788	 5253	-8671	 2432	-6753	 6158	-7989	-3908	 9702	-5475	 4550	-12426	-7440	-10438	-1268	 3532	 1139	 8115	12614	 8578	 6732	 3529	 2054	-4647	-7848	 2429	-6651	-9161	  711	-1095	-3753	 3176	-3274	 6324	-6319	 2422	 3547	-2197	-2258	-2702	  296	 9148	 4382	 -220	-1587	-1491	 5227	-7093	 1299	-1459	 7286	-2532	 3126	-2361	 6137	-6975	 1511	 1998	-1023	-1527	-3396	 -529	 1323	
-7412	 9390	10955	 5890	 5328	-8802	 2456	-6843	 6264	-8060	-3954	 9772	-5535	 4592	-12573	-7515	-10571	-1296	 3575	 1160	 8160	12790	 8640	 6762	 3559	 2051	-4698	-7889	 2432	-6686	-9237	  711	-1137	-3799	 3205	-3285	 6374	-6363	 2467	 3602	-2211	-2279	-2728	  303	 9214	 4393	 -230	-1606	-1505	 5279	-7162	 1311	-1477	 7333	-2538	 3168	-2419	 6206	-7030	 1532	 2015	-1056	-1484	-3452	 -508	 1333	
-7499	 9470	11099	 5982	 5394	-8918	 2479	-6922	 6359	-8123	-3995	 9834	-5588	 4630	-12705	-7583	-10688	-1321	 3614	 1179	 8200	12946	 8696	 6790	 3585	 2047	-4742	-7924	 2433	-6717	-9304	  709	-1173	-3839	 3231	-3296	 6420	-6402	 2508	 3650	-2222	-2298	-2750	  309	 9272	 4404	 -240	-1623	-1518	 5325	-7223	 1321	-1493	 7374	-2542	 3205	-2471	 6267	-7077	 1550	 2029	-1085	-1448	-3502	 -489	 1343	
-7578	 9543	11227	 6064	 5454	-9021	 2500	-6994	 6445	-8180	-4032	 9890	-5637	 4665	-12823	-7645	-10795	-1342	 3649	 1195	 8236	13086	 8746	 6814	 3609	 2044	-4782	-7956	 2435	-6746	-9365	  707	-1206	-3875	 3255	-3307	 6462	-6436	 2545	 3693	-2232	-2316	-2770	  313	 9325	 4414	 -249	-1639	-1530	 5366	-7277	 1331	-1508	 7411	-2546	 3239	-2518	 6321	-7120	 1566	 2042	-1110	-1416	-3548	 -472	 1353	
-7648	 9608	11343	 6139	 5507	-9113	 2520	-7058	 6523	-8233	-4065	 9941	-5681	 4697	-12931	-7701	-10891	-1361	 3682	 1210	 8269	13214	 8792	 6837	 3630	 2041	-4818	-7985	 2436	-6772	-9420	  706	-1235	-3907	 3276	-3316	 6500	-6466	 2579	 3732	-2241	-2332	-2789	  316	 9373	 4423	 -257	-1653	-1542	 5403	-7326	 1339	-1522	 7444	-2550	 3269	-2561	 6370	-7159	 1582	 2054	-1133	-1387	-3589	 -456	 1362	
-7713	 9668	11449	 6209	 5556	-9198	 2538	-7118	 6594	-8281	-4095	 9988	-5722	 4726	-13030	-7753	-10979	-1378	 3712	 1223	 8299	13330	 8835	 6858	 3649	 2038	-4850	-8012	 2437	-6796	-9471	  704	-1262	-3936	 3295	-3326	 6535	-6494	 2611	 3767	-2249	-2348	-2805	  319	 9416	 4432	 -264	-1666	-1552	 5437	-7370	 1346	-1535	 7474	-2553	 3297	-2601	 6415	-7194	 1596	 2064	-1153	-1361	-3628	 -442	 1372	
-7773	 9723	11546	 6272	 5601	-9275	 2556	-7172	 6660	-8325	-4123	10031	-5760	 4754	-13122	-7801	-11060	-1394	 3740	 1236	 8327	13437	 8874	 6878	 3666	 2035	-4880	-8036	 2437	-6818	-9517	  702	-1286	-3963	 3313	-3335	 6567	-6519	 2640	 3799	-2256	-2363	-2821	  322	 9457	 4440	 -271	-1678	-1563	 5467	-7411	 1353	-1547	 7502	-2556	 3322	-2638	 6456	-7227	 1609	 2073	-1172	-1338	-3663	 -429	 1381	
-7828	 9774	11636	 6332	 5643	-9346	 2573	-7223	 6721	-8367	-4149	10071	-5795	 4779	-13207	-7846	-11136	-1408	 3766	 1247	 8352	13536	 8911	 6896	 3682	 2033	-4908	-8059	 2438	-6839	-9561	  699	-1308	-3988	 3330	-3343	 6598	-6542	 2668	 3828	-2263	-2377	-2835	  323	 9494	 4448	 -278	-1689	-1572	 5495	-7449	 1360	-1559	 7527	-2559	 3345	-2672	 6495	-7257	 1621	 2082	-1188	-1317	-3696	 -417	 1391	
-7879	 9822	11719	 6387	 5681	-9412	 2590	-7270	 6778	-8406	-4173	10108	-5828	 4803	-13287	-7888	-11206	-1421	 3790	 1258	 8376	13628	 8945	 6914	 3697	 2031	-4933	-8080	 2438	-6859	-9601	  697	-1329	-4010	 3345	-3351	 6627	-6563	 2693	 3856	-2270	-2390	-2849	  325	 9529	 4456	 -284	-1699	-1581	 5521	-7484	 1366	-1569	 7551	-2561	 3367	-2704	 6530	-7285	 1632	 2090	-1204	-1297	-3727	 -405	 1400	
-7927	 9866	11797	 6440	 5718	-9474	 2605	-7314	 6831	-8442	-4196	10144	-5859	 4825	-13362	-7928	-11272	-1433	 3813	 1267	 8399	13715	 8978	 6930	 3711	 2029	-4957	-8099	 2438	-6877	-9639	  695	-1348	-4032	 3359	-3359	 6654	-6583	 2718	 3882	-2275	-2403	-2861	  326	 9561	 4463	 -290	-1709	-1590	 5546	-7516	 1371	-1579	 7573	-2564	 3387	-2735	 6563	-7311	 1643	 2098	-1218	-1279	-3756	 -394	 1408	
-7972	 9908	11870	 6489	 5751	-9532	 2620	-7355	 6882	-8476	-4217	10177	-5888	 4847	-13433	-7965	-11334	-1444	 3835	 1277	 8420	13796	 9009	 6946	 3724	 2027	-4979	-8118	 2439	-6895	-9674	  693	-1366	-4052	 3373	-3367	 6679	-6601	 2740	 3905	-2281	-2415	-2873	  327	 9592	 4469	 -296	-1718	-1599	 5568	-7546	 1376	-1589	 7594	-2566	 3407	-2763	 6594	-7335	 1653	 2105	-1231	-1262	-3783	 -384	 1417	
-8014	 9948	11939	 6535	 5783	-9586	 2634	-7395	 6929	-8508	-4237	10208	-5916	 4867	-13499	-8001	-11393	-1454	 3855	 1285	 8440	13872	 9038	 6960	 3736	 2025	-5001	-8135	 2439	-6911	-9708	  691	-1383	-4070	 3386	-3374	 6703	-6618	 2762	 3928	-2286	-2427	-2884	  328	 9621	 4476	 -301	-1727	-1607	 5590	-7575	 1381	-1598	 7614	-2568	 3424	-2790	 6624	-7358	 1663	 2111	-1243	-1246	-3809	 -375	 1425	
-8054	 9985	12004	 6579	 5813	-9638	 2648	-7432	 6973	-8539	-4256	10238	-5942	 4886	-13563	-8034	-11448	-1464	 3875	 1293	 8459	13945	 9065	 6974	 3747	 2023	-5020	-8152	 2439	-6927	-9740	  689	-1398	-4088	 3398	-3381	 6726	-6634	 2782	 3949	-2291	-2439	-2895	  328	 9648	 4482	 -306	-1735	-1614	 5610	-7602	 1386	-1606	 7633	-2570	 3441	-2816	 6651	-7380	 1672	 2118	-1255	-1232	-3833	 -366	 1433	
-8092	10021	12066	 6621	 5842	-9686	 2661	-7467	 7016	-8568	-4273	10266	-5967	 4904	-13623	-8066	-11500	-1473	 3894	 1301	 8477	14013	 9092	 6987	 3758	 2021	-5039	-8167	 2439	-6942	-9770	  687	-1413	-4104	 3409	-3387	 6748	-6650	 2802	 3969	-2296	-2449	-2905	  329	 9674	 4488	 -311	-1743	-1622	 5629	-7627	 1390	-1614	 7650	-2571	 3457	-2840	 6678	-7400	 1681	 2124	-1266	-1218	-3856	 -357	 1441	
-8128	10054	12124	 6661	 5869	-9732	 2673	-7500	 7056	-8596	-4290	10293	-5991	 4921	-13681	-8097	-11550	-1481	 3912	 1309	 8495	14078	 9117	 7000	 3768	 2020	-5057	-8182	 2439	-6956	-9799	  685	-1427	-4120	 3420	-3394	 6769	-6664	 2820	 3988	-2300	-2460	-2915	  329	 9699	 4494	 -316	-1750	-1629	 5646	-7651	 1394	-1622	 7667	-2573	 3472	-2864	 6702	-7420	 1689	 2129	-1276	-1204	-3878	 -349	 1449	
-8162	10086	12180	 6699	 5894	-9776	 2685	-7532	 7095	-8622	-4306	10319	-6013	 4938	-13735	-8126	-11598	-1489	 3929	 1316	 8511	14140	 9141	 7012	 3778	 2018	-5074	-8196	 2439	-6969	-9826	  683	-1441	-4135	 3430	-3400	 6789	-6678	 2838	 4006	-2304	-2470	-2924	  329	 9722	 4499	 -320	-1757	-1635	 5663	-7674	 1398	-1630	 7683	-2575	 3487	-2886	 6726	-7439	 1697	 2135	-1285	-1192	-3899	 -341	 1457	
-8195	10117	12233	 6736	 5919	-9818	 2697	-7562	 7131	-8648	-4322	10343	-6035	 4954	-13788	-8155	-11644	-1497	 3945	 1322	 8527	14200	 9164	 7024	 3787	 2017	-5090	-8210	 2439	-6983	-9852	  681	-1453	-4149	 3440	-3406	 6808	-6691	 2855	 4023	-2308	-2480	-2933	  329	 9745	 4505	 -324	-1764	-1642	 5680	-7696	 1401	-1637	 7698	-2576	 3501	-2907	 6749	-7456	 1705	 2140	-1294	-1180	-3919	 -334	 1464	
-8227	10146	12284	 6771	 5942	-9858	 2708	-7592	 7166	-8672	-4336	10367	-6056	 4969	-13839	-8182	-11687	-1504	 3961	 1329	 8542	14257	 9186	 7035	 3796	 2015	-5106	-8223	 2439	-6995	-9877	  679	-1465	-4163	 3449	-3412	 6826	-6703	 2872	 4039	-2312	-2490	-2941	  329	 9766	 4510	 -328	-1771	-1648	 5695	-7716	 1405	-1644	 7713	-2578	 3514	-2928	 6770	-7473	 1713	 2145	-1303	-1169	-3938	 -326	 1471	
-8257	10175	12332	 6804	 5965	-9896	 2719	-7620	 7200	-8695	-4350	10390	-6076	 4984	-13887	-8208	-11729	-1510	 3976	 1335	 8557	14311	 9207	 7046	 3804	 2014	-5121	-8235	 2439	-7007	-9901	  677	-1477	-4176	 3458	-3417	 6844	-6715	 2887	 4055	-2316	-2499	-2949	  329	 9787	 4515	 -332	-1777	-1654	 5710	-7736	 1408	-1651	 7727	-2579	 3526	-2947	 6791	-7490	 1720	 2149	-1311	-1158	-3957	 -320	 1479	
-8286	10202	12379	 6837	 5986	-9933	 2730	-7646	 7232	-8718	-4364	10412	-6095	 4998	-13934	-8233	-11769	-1517	 3991	 1341	 8571	14363	 9227	 7056	 3812	 2012	-5135	-8247	 2439	-7019	-9925	  675	-1488	-4188	 3467	-3423	 6861	-6726	 2902	 4070	-2319	-2508	-2957	  329	 9806	 4519	 -336	-1783	-1660	 5724	-7755	 1411	-1657	 7740	-2580	 3538	-2966	 6811	-7505	 1727	 2154	-1319	-1148	-3974	 -313	 1486	
-8313	10228	12424	 6868	 6007	-9968	 2740	-7672	 7263	-8739	-4377	10433	-6113	 5011	-13979	-8257	-11808	-1523	 4005	 1347	 8584	14414	 9247	 7066	 3820	 2011	-5149	-8259	 2439	-7030	-9947	  673	-1498	-4200	 3475	-3428	 6877	-6737	 2917	 4084	-2323	-2517	-2965	  329	 9825	 4524	 -340	-1789	-1666	 5737	-7773	 1414	-1663	 7753	-2581	 3550	-2985	 6830	-7520	 1734	 2158	-1326	-1138	-3992	 -306	 1492	
-8340	10253	12467	 6898	 6027	-10002	 2750	-7697	 7293	-8760	-4389	10453	-6131	 5024	-14022	-8280	-11845	-1529	 4019	 1352	 8598	14462	 9266	 7076	 3828	 2010	-5162	-8270	 2439	-7041	-9968	  672	-1508	-4211	 3483	-3433	 6893	-6747	 2931	 4098	-2326	-2526	-2972	  329	 9844	 4528	 -343	-1795	-1672	 5750	-7791	 1417	-1669	 7766	-2583	 3561	-3002	 6848	-7535	 1740	 2162	-1333	-1128	-4008	 -300	 1499	
-8366	10277	12509	 6927	 6046	-10035	 2760	-7721	 7322	-8780	-4401	10473	-6148	 5037	-14064	-8303	-11881	-1534	 4032	 1357	 8610	14509	 9284	 7085	 3835	 2009	-5174	-8281	 2439	-7051	-9989	  670	-1518	-4222	 3491	-3438	 6908	-6757	 2944	 4111	-2329	-2534	-2979	  329	 9861	 4533	 -347	-1800	-1677	 5763	-7808	 1420	-1675	 7778	-2584	 3571	-3019	 6866	-7548	 1747	 2166	-1340	-1119	-4024	 -294	 1506	
-8391	10300	12549	 6955	 6065	-10066	 2770	-7745	 7350	-8800	-4413	10492	-6165	 5049	-14104	-8324	-11916	-1539	 4045	 1363	 8623	14554	 9302	 7094	 3842	 2007	-5187	-8291	 2439	-7062	-10009	  668	-1527	-4233	 3498	-3443	 6923	-6766	 2957	 4124	-2332	-2542	-2986	  328	 9878	 4537	 -350	-1805	-1682	 5775	-7824	 1423	-1681	 7789	-2585	 3582	-3036	 6883	-7562	 1753	 2170	-1347	-1111	-4039	 -289	 1512	
-8415	10323	12588	 6982	 6083	-10097	 2779	-7767	 7377	-8819	-4424	10510	-6181	 5061	-14144	-8346	-11950	-1545	 4057	 1368	 8634	14598	 9319	 7103	 3848	 2006	-5198	-8301	 2439	-7071	-10028	  666	-1536	-4243	 3506	-3448	 6937	-6775	 2970	 4136	-2335	-2550	-2992	  328	 9895	 4541	 -353	-1811	-1687	 5786	-7840	 1425	-1686	 7801	-2586	 3592	-3052	 6900	-7575	 1759	 2174	-1353	-1102	-4054	 -283	 1518	
-8438	10344	12626	 7009	 6100	-10126	 2788	-7789	 7403	-8837	-4434	10528	-6197	 5073	-14182	-8366	-11983	-1549	 4069	 1372	 8646	14640	 9336	 7111	 3855	 2005	-5210	-8311	 2438	-7081	-10047	  665	-1545	-4253	 3512	-3452	 6951	-6784	 2982	 4148	-2338	-2558	-2999	  328	 9911	 4545	 -356	-1816	-1692	 5797	-7855	 1428	-1691	 7811	-2587	 3601	-3067	 6915	-7587	 1764	 2178	-1359	-1094	-4068	 -278	 1524	
-8461	10365	12662	 7034	 6117	-10155	 2796	-7810	 7428	-8854	-4445	10546	-6212	 5084	-14219	-8386	-12014	-1554	 4081	 1377	 8657	14681	 9352	 7120	 3861	 2004	-5221	-8320	 2438	-7090	-10065	  663	-1553	-4262	 3519	-3457	 6965	-6793	 2994	 4159	-2341	-2565	-3005	  327	 9926	 4549	 -360	-1821	-1697	 5808	-7870	 1430	-1697	 7822	-2588	 3610	-3082	 6931	-7600	 1770	 2181	-1364	-1086	-4082	 -272	 1531	
-8483	10386	12698	 7059	 6133	-10182	 2805	-7830	 7453	-8871	-4455	10562	-6226	 5095	-14255	-8405	-12045	-1559	 4093	 1382	 8668	14720	 9368	 7128	 3867	 2003	-5231	-8329	 2438	-7099	-10083	  661	-1561	-4272	 3526	-3461	 6978	-6801	 3006	 4170	-2343	-2573	-3011	  327	 9941	 4553	 -363	-1825	-1702	 5818	-7884	 1432	-1702	 7832	-2589	 3619	-3097	 6946	-7611	 1776	 2185	-1370	-1078	-4095	 -267	 1536	
-8504	10406	12732	 7083	 6149	-10209	 2813	-7850	 7477	-8888	-4465	10579	-6241	 5105	-14289	-8424	-12074	-1563	 4104	 1386	 8679	14759	 9383	 7135	 3873	 2002	-5242	-8338	 2438	-7108	-10100	  660	-1569	-4281	 3532	-3465	 6990	-6809	 3017	 4181	-2346	-2580	-3017	  326	 9955	 4556	 -365	-1830	-1706	 5828	-7898	 1434	-1707	 7842	-2590	 3628	-3111	 6960	-7623	 1781	 2188	-1375	-1071	-4108	 -262	 1542	
-8525	10425	12765	 7107	 6164	-10235	 2821	-7869	 7500	-8904	-4474	10595	-6254	 5115	-14323	-8443	-12103	-1567	 4115	 1391	 8689	14796	 9398	 7143	 3878	 2001	-5252	-8346	 2438	-7117	-10117	  658	-1577	-4289	 3538	-3470	 7003	-6817	 3028	 4191	-2349	-2587	-3022	  326	 9970	 4560	 -368	-1834	-1711	 5838	-7911	 1437	-1711	 7852	-2591	 3636	-3125	 6974	-7634	 1786	 2191	-1380	-1064	-4121	 -257	 1548	
-8545	10444	12798	 7129	 6179	-10260	 2829	-7888	 7522	-8920	-4483	10610	-6268	 5125	-14356	-8461	-12132	-1571	 4125	 1395	 8699	14833	 9413	 7150	 3884	 2000	-5261	-8355	 2438	-7125	-10133	  656	-1584	-4298	 3544	-3474	 7015	-6824	 3038	 4201	-2351	-2594	-3028	  326	 9983	 4563	 -371	-1839	-1715	 5848	-7924	 1439	-1716	 7861	-2592	 3644	-3138	 6988	-7645	 1791	 2195	-1385	-1057	-4133	 -253	 1554	
-8565	10462	12829	 7152	 6193	-10285	 2837	-7906	 7544	-8935	-4492	10625	-6281	 5135	-14389	-8478	-12159	-1575	 4135	 1399	 8709	14868	 9427	 7158	 3889	 1999	-5271	-8363	 2438	-7133	-10149	  655	-1591	-4306	 3550	-3478	 7027	-6832	 3049	 4211	-2353	-2601	-3033	  325	 9997	 4567	 -374	-1843	-1719	 5857	-7936	 1441	-1720	 7870	-2592	 3652	-3151	 7001	-7655	 1796	 2198	-1390	-1050	-4145	 -248	 1559	
-8584	10480	12860	 7173	 6207	-10309	 2844	-7924	 7565	-8950	-4501	10640	-6294	 5145	-14420	-8495	-12186	-1579	 4145	 1403	 8719	14902	 9440	 7165	 3894	 1998	-5280	-8371	 2438	-7141	-10164	  653	-1598	-4314	 3556	-3482	 7038	-6839	 3059	 4221	-2356	-2608	-3039	  325	10010	 4570	 -376	-1847	-1724	 5866	-7949	 1443	-1725	 7879	-2593	 3660	-3164	 7014	-7665	 1801	 2201	-1395	-1044	-4157	 -244	 1565	
-8602	10497	12890	 7195	 6221	-10332	 2852	-7942	 7586	-8965	-4509	10654	-6306	 5154	-14451	-8512	-12211	-1582	 4155	 1407	 8728	14936	 9454	 7171	 3899	 1997	-5289	-8379	 2438	-7149	-10179	  652	-1605	-4321	 3561	-3485	 7049	-6845	 3068	 4230	-2358	-2614	-3044	  324	10022	 4574	 -379	-1851	-1728	 5874	-7960	 1444	-1729	 7888	-2594	 3668	-3177	 7027	-7675	 1806	 2204	-1399	-1037	-4168	 -239	 1570	
-8621	10514	12919	 7215	 6234	-10355	 2859	-7958	 7606	-8979	-4518	10668	-6318	 5163	-14480	-8528	-12237	-1586	 4165	 1411	 8737	14968	 9467	 7178	 3904	 1996	-5298	-8386	 2438	-7156	-10194	  650	-1611	-4329	 3566	-3489	 7060	-6852	 3078	 4239	-2360	-2621	-3049	  324	10035	 4577	 -381	-1855	-1732	 5883	-7972	 1446	-1733	 7896	-2595	 3675	-3189	 7039	-7685	 1810	 2206	-1403	-1031	-4179	 -235	 1575	
-8638	10530	12947	 7235	 6247	-10377	 2866	-7975	 7625	-8993	-4526	10682	-6330	 5172	-14510	-8544	-12262	-1589	 4174	 1414	 8746	15000	 9480	 7185	 3909	 1995	-5306	-8394	 2437	-7164	-10208	  649	-1618	-4336	 3572	-3493	 7071	-6859	 3087	 4248	-2362	-2627	-3054	  323	10047	 4580	 -384	-1859	-1735	 5891	-7983	 1448	-1737	 7905	-2596	 3682	-3201	 7051	-7694	 1815	 2209	-1408	-1025	-4190	 -231	 1581	
-8655	10546	12975	 7255	 6260	-10398	 2873	-7991	 7645	-9006	-4534	10696	-6341	 5180	-14538	-8559	-12286	-1593	 4183	 1418	 8755	15031	 9492	 7191	 3913	 1994	-5315	-8401	 2437	-7171	-10222	  647	-1624	-4343	 3577	-3496	 7081	-6865	 3096	 4256	-2364	-2633	-3059	  322	10058	 4583	 -386	-1863	-1739	 5899	-7994	 1450	-1741	 7913	-2596	 3689	-3212	 7063	-7703	 1819	 2212	-1412	-1019	-4200	 -227	 1586	
-8672	10562	13002	 7274	 6272	-10419	 2880	-8007	 7663	-9019	-4541	10709	-6353	 5188	-14566	-8574	-12309	-1596	 4192	 1422	 8763	15062	 9504	 7197	 3918	 1993	-5323	-8408	 2437	-7178	-10236	  646	-1630	-4350	 3582	-3500	 7091	-6871	 3105	 4264	-2367	-2640	-3063	  322	10070	 4586	 -389	-1867	-1743	 5907	-8005	 1451	-1745	 7921	-2597	 3695	-3224	 7074	-7712	 1824	 2215	-1416	-1013	-4211	 -223	 1591	
-8689	10577	13028	 7293	 6284	-10440	 2887	-8022	 7682	-9032	-4549	10722	-6364	 5197	-14593	-8589	-12332	-1599	 4201	 1425	 8772	15091	 9516	 7203	 3922	 1992	-5331	-8415	 2437	-7185	-10249	  644	-1636	-4357	 3586	-3503	 7101	-6877	 3114	 4273	-2369	-2646	-3068	  321	10081	 4589	 -391	-1870	-1747	 5914	-8015	 1453	-1749	 7928	-2598	 3702	-3235	 7085	-7721	 1828	 2217	-1419	-1008	-4221	 -219	 1596	
-8705	10592	13054	 7311	 6296	-10460	 2893	-8037	 7699	-9045	-4556	10734	-6374	 5205	-14620	-8604	-12355	-1602	 4210	 1429	 8780	15121	 9528	 7209	 3927	 1991	-5338	-8421	 2437	-7192	-10262	  643	-1642	-4363	 3591	-3507	 7111	-6883	 3122	 4280	-2371	-2652	-3072	  321	10092	 4592	 -393	-1874	-1750	 5922	-8026	 1455	-1753	 7936	-2598	 3708	-3245	 7096	-7730	 1832	 2220	-1423	-1002	-4230	 -215	 1601	
-8721	10607	13080	 7329	 6307	-10480	 2900	-8052	 7717	-9057	-4563	10746	-6385	 5212	-14646	-8618	-12377	-1605	 4218	 1432	 8788	15149	 9540	 7215	 3931	 1990	-5346	-8428	 2437	-7199	-10275	  641	-1647	-4370	 3596	-3510	 7120	-6888	 3131	 4288	-2372	-2657	-3077	  320	10103	 4595	 -395	-1877	-1754	 5929	-8036	 1456	-1757	 7943	-2599	 3714	-3256	 7107	-7738	 1836	 2222	-1427	 -997	-4240	 -211	 1605	
-8736	10621	13104	 7347	 6319	-10499	 2906	-8066	 7734	-9069	-4570	10758	-6395	 5220	-14672	-8632	-12398	-1608	 4226	 1435	 8796	15177	 9551	 7221	 3935	 1990	-5353	-8434	 2437	-7205	-10287	  640	-1653	-4376	 3600	-3513	 7130	-6894	 3139	 4296	-2374	-2663	-3081	  320	10113	 4597	 -397	-1881	-1757	 5936	-8045	 1458	-1760	 7950	-2600	 3721	-3267	 7117	-7746	 1840	 2225	-1430	 -992	-4249	 -208	 1610	
-8751	10635	13129	 7364	 6330	-10518	 2912	-8080	 7751	-9081	-4577	10770	-6405	 5228	-14697	-8645	-12420	-1611	 4234	 1438	 8804	15204	 9562	 7227	 3939	 1989	-5361	-8441	 2437	-7212	-10299	  638	-1658	-4382	 3605	-3517	 7139	-6899	 3147	 4303	-2376	-2669	-3085	  319	10123	 4600	 -400	-1884	-1761	 5943	-8055	 1459	-1764	 7957	-2600	 3726	-3277	 7127	-7754	 1844	 2227	-1433	 -987	-4258	 -204	 1615	
-8766	10649	13152	 7381	 6340	-10536	 2918	-8094	 7767	-9093	-4583	10782	-6415	 5235	-14721	-8659	-12440	-1614	 4242	 1442	 8811	15230	 9572	 7232	 3943	 1988	-5368	-8447	 2436	-7218	-10311	  637	-1663	-4388	 3609	-3520	 7148	-6905	 3154	 4310	-2378	-2674	-3089	  319	10133	 4603	 -402	-1887	-1764	 5949	-8064	 1461	-1767	 7964	-2601	 3732	-3287	 7137	-7762	 1848	 2229	-1437	 -982	-4267	 -200	 1619	
-8781	10662	13175	 7398	 6351	-10554	 2924	-8108	 7783	-9104	-4590	10793	-6425	 5242	-14746	-8672	-12461	-1616	 4250	 1445	 8819	15257	 9583	 7238	 3947	 1987	-5375	-8453	 2436	-7224	-10323	  636	-1668	-4394	 3613	-3523	 7157	-6910	 3162	 4317	-2380	-2680	-3093	  318	10143	 4605	 -404	-1891	-1767	 5956	-8073	 1462	-1771	 7971	-2602	 3738	-3297	 7147	-7770	 1852	 2232	-1440	 -977	-4276	 -197	 1624	
-8795	10675	13198	 7414	 6361	-10572	 2930	-8121	 7799	-9115	-4596	10804	-6434	 5249	-14769	-8685	-12480	-1619	 4258	 1448	 8826	15282	 9593	 7243	 3951	 1986	-5381	-8459	 2436	-7230	-10334	  634	-1673	-4400	 3618	-3526	 7165	-6915	 3169	 4324	-2382	-2685	-3097	  317	10153	 4608	 -406	-1894	-1771	 5962	-8082	 1463	-1774	 7978	-2602	 3743	-3306	 7156	-7778	 1856	 2234	-1443	 -972	-4285	 -194	 1628	
-8809	10688	13221	 7430	 6371	-10589	 2936	-8134	 7814	-9126	-4603	10815	-6444	 5256	-14793	-8698	-12500	-1621	 4265	 1451	 8833	15307	 9604	 7248	 3954	 1986	-5388	-8465	 2436	-7236	-10346	  633	-1678	-4405	 3622	-3529	 7174	-6920	 3177	 4331	-2383	-2690	-3101	  317	10162	 4610	 -408	-1897	-1774	 5969	-8091	 1465	-1777	 7984	-2603	 3749	-3316	 7166	-7785	 1859	 2236	-1446	 -967	-4293	 -190	 1633	
-8822	10701	13243	 7446	 6381	-10606	 2941	-8147	 7829	-9137	-4609	10826	-6453	 5263	-14815	-8710	-12519	-1624	 4273	 1454	 8840	15332	 9614	 7253	 3958	 1985	-5394	-8470	 2436	-7242	-10357	  632	-1683	-4411	 3626	-3532	 7182	-6925	 3184	 4338	-2385	-2696	-3105	  316	10171	 4613	 -410	-1900	-1777	 5975	-8100	 1466	-1781	 7991	-2603	 3754	-3325	 7175	-7792	 1863	 2238	-1449	 -963	-4301	 -187	 1637	
-8836	10713	13264	 7461	 6391	-10623	 2947	-8159	 7844	-9148	-4615	10837	-6462	 5270	-14838	-8722	-12538	-1626	 4280	 1457	 8847	15356	 9623	 7258	 3962	 1984	-5401	-8476	 2436	-7247	-10367	  630	-1688	-4416	 3630	-3535	 7190	-6930	 3191	 4344	-2387	-2701	-3109	  316	10181	 4615	 -411	-1903	-1780	 5981	-8108	 1467	-1784	 7997	-2604	 3759	-3334	 7184	-7799	 1867	 2241	-1452	 -958	-4310	 -184	 1642	
-8849	10725	13285	 7476	 6400	-10640	 2952	-8172	 7859	-9158	-4621	10847	-6471	 5276	-14860	-8734	-12556	-1629	 4287	 1460	 8854	15380	 9633	 7263	 3965	 1983	-5407	-8481	 2436	-7253	-10378	  629	-1692	-4422	 3633	-3537	 7198	-6934	 3198	 4350	-2388	-2706	-3113	  315	10189	 4618	 -413	-1906	-1783	 5987	-8116	 1468	-1787	 8003	-2604	 3765	-3343	 7193	-7806	 1870	 2243	-1455	 -954	-4317	 -181	 1646	
-8862	10737	13306	 7491	 6410	-10656	 2958	-8184	 7873	-9168	-4626	10857	-6479	 5283	-14881	-8746	-12574	-1631	 4294	 1462	 8861	15403	 9642	 7268	 3968	 1982	-5413	-8487	 2436	-7259	-10389	  628	-1697	-4427	 3637	-3540	 7206	-6939	 3205	 4357	-2390	-2711	-3116	  314	10198	 4620	 -415	-1909	-1786	 5993	-8125	 1470	-1790	 8009	-2605	 3770	-3352	 7201	-7813	 1874	 2245	-1458	 -949	-4325	 -178	 1650	
-8875	10749	13326	 7506	 6419	-10671	 2963	-8196	 7887	-9178	-4632	10867	-6488	 5289	-14903	-8758	-12592	-1633	 4301	 1465	 8868	15426	 9652	 7273	 3972	 1982	-5419	-8492	 2436	-7264	-10399	  626	-1701	-4432	 3641	-3543	 7214	-6943	 3211	 4363	-2391	-2716	-3120	  314	10207	 4622	 -417	-1912	-1789	 5998	-8132	 1471	-1793	 8015	-2606	 3774	-3360	 7210	-7820	 1877	 2247	-1460	 -945	-4333	 -175	 1654	
-8887	10760	13346	 7520	 6428	-10687	 2968	-8207	 7901	-9188	-4638	10877	-6496	 5295	-14924	-8769	-12610	-1635	 4308	 1468	 8874	15448	 9661	 7278	 3975	 1981	-5425	-8497	 2435	-7269	-10409	  625	-1705	-4437	 3644	-3546	 7221	-6948	 3218	 4369	-2393	-2721	-3123	  313	10215	 4625	 -419	-1915	-1792	 6004	-8140	 1472	-1796	 8021	-2606	 3779	-3369	 7218	-7826	 1880	 2249	-1463	 -941	-4340	 -172	 1658	
-8900	10772	13366	 7534	 6437	-10702	 2974	-8219	 7915	-9198	-4643	10887	-6504	 5302	-14944	-8780	-12627	-1638	 4315	 1471	 8880	15470	 9670	 7282	 3978	 1980	-5431	-8503	 2435	-7275	-10419	  624	-1710	-4442	 3648	-3548	 7229	-6952	 3224	 4374	-2394	-2725	-3127	  313	10224	 4627	 -420	-1917	-1795	 6009	-8148	 1473	-1799	 8027	-2607	 3784	-3377	 7226	-7833	 1884	 2251	-1465	 -937	-4348	 -169	 1662	
-8912	10783	13385	 7548	 6446	-10717	 2979	-8230	 7928	-9207	-4648	10896	-6512	 5308	-14964	-8791	-12644	-1640	 4321	 1473	 8887	15492	 9679	 7287	 3982	 1979	-5437	-8508	 2435	-7280	-10429	  623	-1714	-4447	 3652	-3551	 7236	-6956	 3231	 4380	-2396	-2730	-3130	  312	10232	 4629	 -422	-1920	-1797	 6015	-8155	 1474	-1802	 8033	-2607	 3789	-3385	 7235	-7839	 1887	 2253	-1468	 -933	-4355	 -166	 1666	
-8924	10794	13404	 7562	 6454	-10732	 2984	-8241	 7941	-9216	-4654	10906	-6520	 5314	-14984	-8802	-12661	-1642	 4328	 1476	 8893	15513	 9687	 7291	 3985	 1979	-5442	-8513	 2435	-7285	-10438	  621	-1718	-4451	 3655	-3554	 7243	-6960	 3237	 4386	-2397	-2735	-3134	  311	10240	 4631	 -424	-1923	-1800	 6020	-8163	 1475	-1805	 8038	-2608	 3793	-3394	 7242	-7846	 1890	 2255	-1470	 -929	-4362	 -163	 1670	
-8935	10805	13423	 7576	 6463	-10746	 2989	-8252	 7954	-9226	-4659	10915	-6528	 5319	-15004	-8813	-12677	-1644	 4334	 1478	 8899	15534	 9696	 7296	 3988	 1978	-5448	-8518	 2435	-7290	-10448	  620	-1722	-4456	 3658	-3556	 7250	-6964	 3243	 4391	-2399	-2739	-3137	  311	10248	 4634	 -425	-1925	-1803	 6025	-8170	 1476	-1807	 8044	-2608	 3798	-3402	 7250	-7852	 1893	 2257	-1473	 -925	-4369	 -160	 1674	
-8947	10815	13441	 7589	 6471	-10761	 2994	-8263	 7967	-9235	-4664	10924	-6536	 5325	-15023	-8824	-12693	-1646	 4340	 1481	 8905	15555	 9704	 7300	 3991	 1977	-5453	-8522	 2435	-7295	-10457	  619	-1726	-4461	 3662	-3559	 7257	-6969	 3249	 4397	-2400	-2744	-3140	  310	10255	 4636	 -427	-1928	-1805	 6030	-8177	 1477	-1810	 8049	-2609	 3802	-3409	 7258	-7858	 1896	 2258	-1475	 -921	-4376	 -157	 1678	
-8958	10826	13460	 7602	 6479	-10775	 2998	-8274	 7979	-9244	-4669	10933	-6543	 5331	-15042	-8834	-12709	-1648	 4347	 1483	 8911	15575	 9713	 7305	 3994	 1977	-5458	-8527	 2435	-7300	-10466	  618	-1730	-4465	 3665	-3561	 7264	-6972	 3255	 4402	-2402	-2749	-3143	  310	10263	 4638	 -429	-1931	-1808	 6035	-8184	 1478	-1813	 8055	-2609	 3806	-3417	 7265	-7864	 1899	 2260	-1477	 -917	-4383	 -155	 1682	
-8969	10836	13477	 7615	 6487	-10788	 3003	-8284	 7991	-9252	-4674	10942	-6551	 5336	-15061	-8844	-12724	-1650	 4353	 1486	 8917	15595	 9721	 7309	 3997	 1976	-5464	-8532	 2435	-7305	-10475	  617	-1733	-4469	 3668	-3564	 7271	-6976	 3261	 4408	-2403	-2753	-3147	  309	10271	 4640	 -430	-1933	-1811	 6040	-8191	 1479	-1816	 8060	-2610	 3810	-3425	 7273	-7870	 1902	 2262	-1480	 -914	-4390	 -152	 1686	
-8980	10846	13495	 7627	 6495	-10802	 3008	-8294	 8003	-9261	-4679	10951	-6558	 5342	-15080	-8854	-12740	-1652	 4359	 1488	 8923	15615	 9729	 7313	 4000	 1975	-5469	-8536	 2434	-7309	-10484	  615	-1737	-4474	 3672	-3566	 7278	-6980	 3267	 4413	-2404	-2757	-3150	  308	10278	 4642	 -432	-1936	-1813	 6045	-8198	 1480	-1818	 8065	-2610	 3815	-3432	 7280	-7876	 1905	 2264	-1482	 -910	-4396	 -149	 1689	
-8991	10856	13512	 7640	 6503	-10815	 3012	-8304	 8015	-9270	-4684	10959	-6565	 5347	-15098	-8864	-12755	-1653	 4365	 1491	 8929	15634	 9737	 7317	 4002	 1975	-5474	-8541	 2434	-7314	-10493	  614	-1741	-4478	 3675	-3569	 7285	-6984	 3272	 4418	-2406	-2762	-3153	  308	10285	 4644	 -433	-1938	-1816	 6050	-8205	 1481	-1821	 8070	-2610	 3819	-3440	 7287	-7881	 1908	 2266	-1484	 -906	-4403	 -147	 1693	
-9002	10866	13529	 7652	 6510	-10829	 3017	-8314	 8027	-9278	-4688	10968	-6572	 5353	-15116	-8874	-12770	-1655	 4371	 1493	 8934	15653	 9745	 7321	 4005	 1974	-5479	-8545	 2434	-7319	-10501	  613	-1744	-4482	 3678	-3571	 7291	-6988	 3278	 4423	-2407	-2766	-3156	  307	10293	 4646	 -435	-1941	-1818	 6054	-8211	 1482	-1823	 8075	-2611	 3823	-3447	 7294	-7887	 1911	 2267	-1486	 -903	-4409	 -144	 1697	
-9012	10875	13546	 7664	 6518	-10842	 3022	-8324	 8039	-9286	-4693	10976	-6579	 5358	-15133	-8884	-12785	-1657	 4376	 1495	 8940	15672	 9752	 7325	 4008	 1973	-5484	-8550	 2434	-7323	-10510	  612	-1748	-4486	 3681	-3573	 7297	-6991	 3283	 4428	-2408	-2770	-3159	  307	10300	 4648	 -437	-1943	-1821	 6059	-8218	 1483	-1826	 8080	-2611	 3827	-3454	 7301	-7892	 1914	 2269	-1488	 -899	-4415	 -142	 1700	
-9023	10885	13563	 7676	 6525	-10854	 3026	-8334	 8050	-9294	-4698	10984	-6586	 5363	-15151	-8893	-12799	-1659	 4382	 1498	 8945	15691	 9760	 7329	 4011	 1973	-5489	-8554	 2434	-7328	-10518	  611	-1751	-4491	 3684	-3575	 7304	-6995	 3289	 4433	-2409	-2774	-3162	  306	10307	 4650	 -438	-1945	-1823	 6063	-8224	 1484	-1828	 8085	-2612	 3830	-3461	 7308	-7898	 1917	 2271	-1490	 -896	-4421	 -139	 1704	
-9033	10894	13579	 7688	 6533	-10867	 3030	-8343	 8061	-9302	-4702	10992	-6593	 5368	-15168	-8903	-12813	-1660	 4388	 1500	 8951	15709	 9768	 7333	 4013	 1972	-5493	-8559	 2434	-7332	-10527	  610	-1755	-4495	 3687	-3578	 7310	-6998	 3294	 4438	-2411	-2779	-3165	  305	10313	 4652	 -439	-1948	-1826	 6068	-8231	 1485	-1831	 8090	-2612	 3834	-3468	 7315	-7903	 1920	 2272	-1492	 -892	-4427	 -137	 1707	
-9043	10903	13595	 7700	 6540	-10880	 3035	-8353	 8072	-9310	-4706	11000	-6599	 5373	-15185	-8912	-12828	-1662	 4393	 1502	 8956	15727	 9775	 7337	 4016	 1971	-5498	-8563	 2434	-7337	-10535	  608	-1758	-4498	 3690	-3580	 7316	-7002	 3299	 4442	-2412	-2783	-3168	  305	10320	 4654	 -441	-1950	-1828	 6072	-8237	 1486	-1833	 8095	-2613	 3838	-3475	 7322	-7908	 1922	 2274	-1494	 -889	-4433	 -134	 1711	
-9053	10913	13611	 7711	 6547	-10892	 3039	-8362	 8083	-9318	-4711	11008	-6606	 5378	-15202	-8921	-12841	-1664	 4399	 1504	 8961	15745	 9782	 7341	 4019	 1971	-5503	-8567	 2434	-7341	-10543	  607	-1762	-4502	 3693	-3582	 7322	-7005	 3304	 4447	-2413	-2787	-3170	  304	10327	 4655	 -442	-1952	-1830	 6077	-8243	 1487	-1836	 8099	-2613	 3842	-3482	 7328	-7914	 1925	 2275	-1496	 -886	-4439	 -132	 1714	
-9063	10922	13627	 7722	 6554	-10904	 3043	-8371	 8094	-9326	-4715	11016	-6613	 5383	-15218	-8930	-12855	-1665	 4404	 1507	 8967	15762	 9789	 7344	 4021	 1970	-5507	-8571	 2434	-7345	-10551	  606	-1765	-4506	 3695	-3584	 7328	-7008	 3309	 4451	-2414	-2791	-3173	  304	10334	 4657	 -444	-1955	-1833	 6081	-8249	 1487	-1838	 8104	-2613	 3845	-3489	 7335	-7919	 1928	 2277	-1498	 -882	-4445	 -129	 1718	
-9072	10930	13642	 7734	 6561	-10916	 3047	-8380	 8105	-9333	-4719	11024	-6619	 5388	-15235	-8939	-12869	-1667	 4409	 1509	 8972	15780	 9797	 7348	 4024	 1969	-5512	-8575	 2434	-7349	-10559	  605	-1768	-4510	 3698	-3587	 7334	-7012	 3314	 4456	-2416	-2795	-3176	  303	10340	 4659	 -445	-1957	-1835	 6085	-8255	 1488	-1840	 8109	-2614	 3849	-3495	 7341	-7924	 1930	 2279	-1499	 -879	-4451	 -127	 1721	
-9082	10939	13658	 7745	 6568	-10928	 3052	-8389	 8115	-9341	-4724	11031	-6625	 5393	-15251	-8948	-12882	-1669	 4415	 1511	 8977	15797	 9804	 7352	 4026	 1969	-5516	-8579	 2433	-7354	-10566	  604	-1771	-4514	 3701	-3589	 7340	-7015	 3319	 4460	-2417	-2799	-3179	  302	10346	 4661	 -447	-1959	-1837	 6089	-8261	 1489	-1843	 8113	-2614	 3853	-3502	 7347	-7929	 1933	 2280	-1501	 -876	-4456	 -125	 1725	
-9091	10948	13673	 7756	 6574	-10939	 3056	-8398	 8125	-9348	-4728	11039	-6632	 5397	-15267	-8957	-12895	-1670	 4420	 1513	 8982	15813	 9810	 7355	 4029	 1968	-5521	-8583	 2433	-7358	-10574	  603	-1774	-4517	 3704	-3591	 7346	-7018	 3324	 4465	-2418	-2803	-3181	  302	10353	 4663	 -448	-1961	-1839	 6093	-8267	 1490	-1845	 8118	-2615	 3856	-3508	 7354	-7934	 1936	 2282	-1503	 -873	-4462	 -123	 1728	
-9101	10956	13687	 7766	 6581	-10951	 3060	-8407	 8136	-9356	-4732	11046	-6638	 5402	-15283	-8966	-12908	-1672	 4425	 1515	 8987	15830	 9817	 7359	 4031	 1967	-5525	-8587	 2433	-7362	-10581	  602	-1778	-4521	 3706	-3593	 7351	-7021	 3329	 4469	-2419	-2806	-3184	  301	10359	 4664	 -449	-1964	-1842	 6097	-8272	 1491	-1847	 8122	-2615	 3859	-3515	 7360	-7939	 1938	 2283	-1505	 -870	-4468	 -120	 1731	
-9110	10965	13702	 7777	 6588	-10962	 3064	-8415	 8146	-9363	-4736	11054	-6644	 5406	-15298	-8974	-12921	-1673	 4430	 1517	 8992	15846	 9824	 7362	 4033	 1967	-5529	-8591	 2433	-7366	-10589	  601	-1781	-4525	 3709	-3595	 7357	-7025	 3334	 4473	-2420	-2810	-3187	  301	10365	 4666	 -451	-1966	-1844	 6101	-8278	 1491	-1849	 8126	-2615	 3863	-3521	 7366	-7944	 1941	 2285	-1506	 -867	-4473	 -118	 1734	
-9119	10973	13717	 7787	 6594	-10973	 3068	-8424	 8156	-9370	-4740	11061	-6650	 5411	-15313	-8983	-12934	-1675	 4435	 1519	 8997	15863	 9831	 7366	 4036	 1966	-5533	-8595	 2433	-7370	-10596	  600	-1784	-4528	 3712	-3597	 7363	-7028	 3339	 4478	-2421	-2814	-3189	  300	10371	 4668	 -452	-1968	-1846	 6105	-8283	 1492	-1851	 8131	-2616	 3866	-3527	 7372	-7948	 1943	 2286	-1508	 -864	-4478	 -116	 1738	
-9128	10981	13731	 7798	 6600	-10984	 3072	-8432	 8165	-9377	-4744	11068	-6656	 5416	-15329	-8991	-12946	-1676	 4440	 1521	 9001	15879	 9837	 7369	 4038	 1965	-5538	-8599	 2433	-7374	-10603	  599	-1787	-4532	 3714	-3599	 7368	-7031	 3343	 4482	-2422	-2818	-3192	  299	10377	 4669	 -453	-1970	-1848	 6109	-8289	 1493	-1854	 8135	-2616	 3869	-3533	 7378	-7953	 1946	 2288	-1510	 -861	-4484	 -114	 1741	
-9137	10989	13745	 7808	 6607	-10995	 3075	-8440	 8175	-9384	-4748	11075	-6662	 5420	-15344	-8999	-12959	-1677	 4445	 1523	 9006	15894	 9844	 7373	 4040	 1965	-5542	-8602	 2433	-7377	-10611	  597	-1790	-4535	 3717	-3601	 7373	-7034	 3348	 4486	-2423	-2821	-3194	  299	10383	 4671	 -454	-1972	-1850	 6113	-8294	 1494	-1856	 8139	-2617	 3873	-3539	 7383	-7958	 1948	 2289	-1511	 -858	-4489	 -112	 1744	
-9146	10997	13759	 7818	 6613	-11006	 3079	-8449	 8185	-9391	-4751	11082	-6667	 5424	-15358	-9007	-12971	-1679	 4450	 1525	 9011	15910	 9850	 7376	 4043	 1964	-5546	-8606	 2433	-7381	-10618	  596	-1792	-4538	 3719	-3603	 7379	-7037	 3352	 4490	-2424	-2825	-3197	  298	10389	 4673	 -456	-1974	-1852	 6116	-8300	 1494	-1858	 8143	-2617	 3876	-3545	 7389	-7962	 1951	 2291	-1513	 -855	-4494	 -109	 1747	
-9154	11005	13773	 7828	 6619	-11017	 3083	-8457	 8194	-9398	-4755	11089	-6673	 5429	-15373	-9015	-12983	-1680	 4455	 1527	 9015	15925	 9857	 7379	 4045	 1964	-5550	-8610	 2433	-7385	-10625	  595	-1795	-4542	 3722	-3605	 7384	-7039	 3357	 4494	-2426	-2829	-3199	  298	10395	 4674	 -457	-1976	-1854	 6120	-8305	 1495	-1860	 8147	-2617	 3879	-3551	 7395	-7967	 1953	 2292	-1514	 -852	-4499	 -107	 1750	
-9163	11013	13786	 7838	 6625	-11027	 3087	-8465	 8204	-9404	-4759	11096	-6679	 5433	-15388	-9023	-12995	-1682	 4459	 1529	 9020	15941	 9863	 7383	 4047	 1963	-5554	-8613	 2432	-7389	-10632	  594	-1798	-4545	 3724	-3607	 7389	-7042	 3361	 4498	-2427	-2832	-3202	  297	10401	 4676	 -458	-1978	-1856	 6124	-8310	 1496	-1862	 8151	-2618	 3882	-3557	 7401	-7971	 1955	 2293	-1516	 -849	-4504	 -105	 1753	
-9171	11021	13800	 7848	 6631	-11037	 3090	-8473	 8213	-9411	-4763	11103	-6684	 5437	-15402	-9031	-13007	-1683	 4464	 1531	 9025	15956	 9869	 7386	 4049	 1962	-5558	-8617	 2432	-7393	-10638	  593	-1801	-4548	 3727	-3609	 7395	-7045	 3366	 4502	-2428	-2836	-3204	  297	10406	 4678	 -459	-1980	-1858	 6127	-8315	 1496	-1864	 8155	-2618	 3885	-3563	 7406	-7976	 1958	 2295	-1517	 -847	-4509	 -103	 1756	
-9180	11028	13813	 7857	 6637	-11048	 3094	-8480	 8222	-9418	-4766	11109	-6690	 5441	-15416	-9039	-13018	-1684	 4469	 1533	 9029	15971	 9875	 7389	 4052	 1962	-5561	-8620	 2432	-7396	-10645	  592	-1804	-4552	 3729	-3611	 7400	-7048	 3370	 4505	-2429	-2839	-3207	  296	10412	 4679	 -461	-1982	-1860	 6131	-8320	 1497	-1866	 8159	-2618	 3888	-3569	 7412	-7980	 1960	 2296	-1519	 -844	-4514	 -101	 1759	
-9188	11036	13826	 7867	 6643	-11058	 3098	-8488	 8231	-9424	-4770	11116	-6695	 5445	-15430	-9047	-13030	-1686	 4473	 1535	 9034	15985	 9881	 7392	 4054	 1961	-5565	-8624	 2432	-7400	-10652	  591	-1806	-4555	 3731	-3612	 7405	-7051	 3374	 4509	-2430	-2843	-3209	  295	10418	 4681	 -462	-1984	-1862	 6134	-8326	 1498	-1868	 8163	-2619	 3891	-3574	 7417	-7984	 1962	 2297	-1520	 -841	-4519	  -99	 1762	
-9196	11043	13839	 7876	 6648	-11068	 3101	-8496	 8240	-9430	-4773	11122	-6701	 5449	-15444	-9054	-13041	-1687	 4478	 1537	 9038	16000	 9887	 7395	 4056	 1961	-5569	-8627	 2432	-7403	-10658	  590	-1809	-4558	 3734	-3614	 7410	-7054	 3378	 4513	-2431	-2846	-3211	  295	10423	 4682	 -463	-1986	-1864	 6138	-8330	 1498	-1870	 8167	-2619	 3894	-3580	 7422	-7989	 1964	 2299	-1521	 -838	-4523	  -97	 1765	
-9204	11050	13852	 7886	 6654	-11078	 3105	-8503	 8249	-9437	-4777	11129	-6706	 5453	-15457	-9062	-13052	-1688	 4482	 1539	 9042	16014	 9893	 7398	 4058	 1960	-5573	-8631	 2432	-7407	-10665	  589	-1812	-4561	 3736	-3616	 7415	-7056	 3383	 4517	-2432	-2850	-3214	  294	10428	 4684	 -464	-1988	-1866	 6141	-8335	 1499	-1872	 8171	-2619	 3897	-3586	 7428	-7993	 1967	 2300	-1523	 -836	-4528	  -95	 1768	
-9212	11058	13865	 7895	 6660	-11088	 3108	-8511	 8257	-9443	-4780	11135	-6711	 5457	-15471	-9069	-13063	-1689	 4487	 1540	 9047	16028	 9899	 7402	 4060	 1959	-5576	-8634	 2432	-7410	-10671	  588	-1814	-4564	 3738	-3618	 7420	-7059	 3387	 4520	-2433	-2853	-3216	  294	10434	 4685	 -465	-1990	-1868	 6144	-8340	 1500	-1874	 8175	-2620	 3900	-3591	 7433	-7997	 1969	 2301	-1524	 -833	-4533	  -93	 1771	
-9220	11065	13878	 7904	 6665	-11097	 3112	-8518	 8266	-9449	-4784	11142	-6716	 5461	-15484	-9077	-13074	-1691	 4491	 1542	 9051	16042	 9905	 7405	 4062	 1959	-5580	-8637	 2432	-7414	-10678	  587	-1817	-4567	 3741	-3620	 7424	-7062	 3391	 4524	-2434	-2856	-3218	  293	10439	 4687	 -467	-1991	-1870	 6148	-8345	 1500	-1876	 8179	-2620	 3903	-3597	 7438	-8001	 1971	 2303	-1525	 -830	-4537	  -91	 1774	
-9228	11072	13890	 7913	 6671	-11107	 3115	-8525	 8274	-9455	-4787	11148	-6721	 5465	-15498	-9084	-13085	-1692	 4496	 1544	 9055	16056	 9911	 7408	 4064	 1958	-5584	-8641	 2432	-7417	-10684	  586	-1819	-4570	 3743	-3622	 7429	-7064	 3395	 4527	-2435	-2860	-3220	  293	10444	 4688	 -468	-1993	-1872	 6151	-8350	 1501	-1878	 8182	-2620	 3906	-3602	 7443	-8005	 1973	 2304	-1527	 -828	-4542	  -90	 1777	
-9235	11079	13902	 7922	 6676	-11116	 3119	-8532	 8283	-9461	-4790	11154	-6727	 5469	-15511	-9091	-13096	-1693	 4500	 1546	 9059	16070	 9916	 7411	 4066	 1958	-5587	-8644	 2432	-7421	-10690	  585	-1822	-4573	 3745	-3623	 7434	-7067	 3399	 4531	-2435	-2863	-3223	  292	10449	 4690	 -469	-1995	-1874	 6154	-8354	 1502	-1880	 8186	-2621	 3908	-3607	 7448	-8009	 1975	 2305	-1528	 -825	-4547	  -88	 1780	
-9243	11086	13915	 7931	 6682	-11126	 3122	-8540	 8291	-9467	-4794	11160	-6732	 5473	-15524	-9098	-13107	-1694	 4504	 1547	 9064	16084	 9922	 7414	 4068	 1957	-5591	-8647	 2431	-7424	-10696	  584	-1824	-4576	 3747	-3625	 7439	-7069	 3403	 4534	-2436	-2866	-3225	  291	10455	 4691	 -470	-1997	-1876	 6157	-8359	 1502	-1882	 8190	-2621	 3911	-3612	 7453	-8013	 1978	 2306	-1529	 -823	-4551	  -86	 1783	
-9251	11093	13927	 7940	 6687	-11135	 3125	-8547	 8299	-9473	-4797	11166	-6737	 5477	-15537	-9105	-13117	-1695	 4508	 1549	 9068	16097	 9927	 7416	 4070	 1957	-5594	-8650	 2431	-7427	-10703	  583	-1827	-4579	 3750	-3627	 7443	-7072	 3407	 4538	-2437	-2869	-3227	  291	10460	 4692	 -471	-1999	-1877	 6161	-8364	 1503	-1883	 8193	-2621	 3914	-3618	 7458	-8017	 1980	 2308	-1531	 -820	-4555	  -84	 1785	
-9258	11100	13939	 7948	 6692	-11144	 3129	-8554	 8308	-9479	-4800	11172	-6741	 5480	-15549	-9112	-13128	-1697	 4513	 1551	 9072	16110	 9933	 7419	 4072	 1956	-5597	-8654	 2431	-7431	-10709	  582	-1829	-4582	 3752	-3628	 7448	-7074	 3410	 4541	-2438	-2873	-3229	  290	10465	 4694	 -472	-2000	-1879	 6164	-8368	 1503	-1885	 8197	-2622	 3916	-3623	 7463	-8021	 1982	 2309	-1532	 -818	-4560	  -82	 1788	
-9266	11106	13950	 7957	 6697	-11153	 3132	-8561	 8316	-9485	-4803	11178	-6746	 5484	-15562	-9119	-13138	-1698	 4517	 1553	 9076	16123	 9938	 7422	 4074	 1955	-5601	-8657	 2431	-7434	-10715	  581	-1832	-4585	 3754	-3630	 7452	-7077	 3414	 4545	-2439	-2876	-3231	  290	10470	 4695	 -473	-2002	-1881	 6167	-8373	 1504	-1887	 8200	-2622	 3919	-3628	 7468	-8025	 1984	 2310	-1533	 -815	-4564	  -80	 1791	
